,Timestamp,Working Electrode Voltage [V],Working Electrode Current [A],Temperature [C]
0,0.2003180399769917,-0.8035740852355957,0.0,0.0
1,0.4003179899882525,-0.7965103387832642,0.0,0.0
2,0.6003181099658832,-0.7886326313018799,0.0,0.0
3,0.8003181199892424,-0.7811434268951416,0.0,0.0
4,1.0003180700005032,-0.7739818692207336,0.0,0.0
5,1.2003181100008078,-0.7671495079994202,0.0,0.0
6,1.4003179899882525,-0.7606407999992371,0.0,0.0
7,1.6003180199768394,-0.754428505897522,0.0,0.0
8,1.80031813000096,-0.7485356330871582,0.0,0.0
9,2.0003180599887855,-0.7428252696990967,0.0,0.0
10,2.2003181200125255,-0.7372645735740662,0.0,0.0
11,2.4003180399886332,-0.7319580316543579,0.0,0.0
12,2.6003180400002748,-0.7269331812858582,0.0,0.0
13,2.800318240013439,-0.7221700549125671,0.0,0.0
14,3.000318120000884,-0.7176535725593567,0.0,0.0
15,3.200317989976611,-0.7133319973945618,0.0,0.0
16,3.400318129977677,-0.7092056274414062,0.0,0.0
17,3.6003180500119925,-0.7052514553070068,0.0,0.0
18,3.8003181099775247,-0.7014673948287964,0.0,0.0
19,4.000318180012982,-0.6978302001953125,0.0,0.0
20,4.200318049988709,-0.694320023059845,0.0,0.0
21,4.4003179899882525,-0.6909329295158386,0.0,0.0
22,4.600317989999894,-0.6876508593559265,0.0,0.0
23,4.800317990011536,-0.6844727396965027,0.0,0.0
24,5.00031803996535,-0.6814136505126953,0.0,0.0
25,5.200318049988709,-0.6784336566925049,0.0,0.0
26,5.400318050000351,-0.6755513548851013,0.0,0.0
27,5.600318119977601,-0.6727450489997864,0.0,0.0
28,5.800318259978667,-0.6699951887130737,0.0,0.0
29,6.000318099977449,-0.6673201322555542,0.0,0.0
30,6.200317979964893,-0.6647174954414368,0.0,0.0
31,6.400318089989014,-0.6621896624565125,0.0,0.0
32,6.6003180500119925,-0.6597326397895813,0.0,0.0
33,6.800318049965426,-0.6573385000228882,0.0,0.0
34,7.00031803996535,-0.6549986600875854,0.0,0.0
35,7.200318049988709,-0.652694582939148,0.0,0.0
36,7.400318379979581,-0.6504351496696472,0.0,0.0
37,7.600318109965883,-0.6482154726982117,0.0,0.0
38,7.800318259978667,-0.6460389494895935,0.0,0.0
39,8.000318020000122,-0.6439197063446045,0.0,0.0
40,8.20031804998871,-0.6418337225914001,0.0,0.0
41,8.400318129977677,-0.6397671699523926,0.0,0.0
42,8.600318109965883,-0.6376975178718567,0.0,0.0
43,8.800318140012678,-0.6356779336929321,0.0,0.0
44,9.00031803996535,-0.633681058883667,0.0,0.0
45,9.200318139977753,-0.6317024230957031,0.0,0.0
46,9.400317989988253,-0.6297532320022583,0.0,0.0
47,9.600318050011992,-0.6278538703918457,0.0,0.0
48,9.800318049965426,-0.6259735822677612,0.0,0.0
49,10.000318059988786,-0.6241344809532166,0.0,0.0
50,10.200317979964893,-0.6223136782646179,0.0,0.0
51,10.400318050000351,-0.6205024123191833,0.0,0.0
52,10.600318050011992,-0.6187159419059753,0.0,0.0
53,10.800317990011536,-0.6169477105140686,0.0,0.0
54,11.000318109989166,-0.6151992082595825,0.0,0.0
55,11.200317979964893,-0.6134557127952576,0.0,0.0
56,11.400318050000351,-0.6117439270019531,0.0,0.0
57,11.600318109965883,-0.610059380531311,0.0,0.0
58,11.800318040011916,-0.6083738207817078,0.0,0.0
59,12.00031803996535,-0.6066946983337402,0.0,0.0
60,12.200318039976992,-0.6050369739532471,0.0,0.0
61,12.40031811996596,-0.603394627571106,0.0,0.0
62,12.600318109965883,-0.6017820835113525,0.0,0.0
63,12.800318059977144,-0.6001823544502258,0.0,0.0
64,13.000318120000884,-0.5986042022705078,0.0,0.0
65,13.20031804998871,-0.5970159769058228,0.0,0.0
66,13.400318039988633,-0.5954434871673584,0.0,0.0
67,13.600317989999894,-0.5938605666160583,0.0,0.0
68,13.800318109977525,-0.5923029780387878,0.0,0.0
69,14.00031798996497,-0.590744137763977,0.0,0.0
70,14.200318010000046,-0.5892261266708374,0.0,0.0
71,14.400318050000351,-0.5877349376678467,0.0,0.0
72,14.600317979988176,-0.5862422585487366,0.0,0.0
73,14.800318109977525,-0.5836622714996338,0.0,0.0
74,15.000318049977068,-0.5800824165344238,0.0,0.0
75,15.200318060000427,-0.5778377056121826,0.0,0.0
76,15.40031811001245,-0.5758558511734009,0.0,0.0
77,15.600318109965883,-0.5740243792533875,0.0,0.0
78,15.800318119989242,-0.5722806453704834,0.0,0.0
79,16.00031803996535,-0.5706068277359009,0.0,0.0
80,16.200317979964893,-0.5689973831176758,0.0,0.0
81,16.40031805000035,-0.567409336566925,0.0,0.0
82,16.600318109965883,-0.5658420920372009,0.0,0.0
83,16.800318109977525,-0.5642911791801453,0.0,0.0
84,17.00031808001222,-0.5627553462982178,0.0,0.0
85,17.20031803997699,-0.5612255930900574,0.0,0.0
86,17.40031805000035,-0.5596544146537781,0.0,0.0
87,17.60031800001161,-0.5581074357032776,0.0,0.0
88,17.80031823000172,-0.5565536022186279,0.0,0.0
89,18.00031842995668,-0.5550068616867065,0.0,0.0
90,18.20031804998871,-0.5534341931343079,0.0,0.0
91,18.40031811996596,-0.5518741011619568,0.0,0.0
92,18.600317989999894,-0.5503279566764832,0.0,0.0
93,18.800318040011916,-0.5487850308418274,0.0,0.0
94,19.000318049977068,-0.5472350716590881,0.0,0.0
95,19.200318029965274,-0.5456835031509399,0.0,0.0
96,19.400317979976535,-0.544134259223938,0.0,0.0
97,19.600318050011992,-0.5425735116004944,0.0,0.0
98,19.800318119989242,-0.541007936000824,0.0,0.0
99,20.000318049977068,-0.5394458174705505,0.0,0.0
100,20.200318110000808,-0.5378775000572205,0.0,0.0
101,20.40031811996596,-0.536300778388977,0.0,0.0
102,20.600317989999894,-0.5347290635108948,0.0,0.0
103,20.800318049965426,-0.5331575870513916,0.0,0.0
104,21.00031798996497,-0.5315821766853333,0.0,0.0
105,21.200318110000808,-0.5299918055534363,0.0,0.0
106,21.40031799999997,-0.5284132957458496,0.0,0.0
107,21.6003181199776,-0.5268312692642212,0.0,0.0
108,21.800317979999818,-0.5252293944358826,0.0,0.0
109,22.000318049977068,-0.5236387252807617,0.0,0.0
110,22.200318029965274,-0.5220556259155273,0.0,0.0
111,22.400318039988633,-0.5204725861549377,0.0,0.0
112,22.600317989999894,-0.5188892483711243,0.0,0.0
113,22.80031808000058,-0.5172796845436096,0.0,0.0
114,23.00031814997783,-0.515680730342865,0.0,0.0
115,23.200318120012525,-0.514073371887207,0.0,0.0
116,23.400318039988633,-0.5124324560165405,0.0,0.0
117,23.600318050011992,-0.51081782579422,0.0,0.0
118,23.800317990011536,-0.5092026591300964,0.0,0.0
119,24.000318020000122,-0.5075898170471191,0.0,0.0
120,24.20031819998985,-0.5059650540351868,0.0,0.0
121,24.40031811001245,-0.5043526887893677,0.0,0.0
122,24.600318050011992,-0.5027341842651367,0.0,0.0
123,24.800318049965426,-0.5011314749717712,0.0,0.0
124,25.00031798996497,-0.49952805042266846,0.0,0.0
125,25.200318070012145,-0.4979275166988373,0.0,0.0
126,25.400318039988633,-0.49633756279945374,0.0,0.0
127,25.600317989999894,-0.4947684407234192,0.0,0.0
128,25.800318049965426,-0.49319708347320557,0.0,0.0
129,26.000318049977068,-0.4916371703147888,0.0,0.0
130,26.20031804998871,-0.49007582664489746,0.0,0.0
131,26.400318029976916,-0.4885284900665283,0.0,0.0
132,26.600318050011992,-0.4869953691959381,0.0,0.0
133,26.800318119989242,-0.48548945784568787,0.0,0.0
134,27.000318049977068,-0.48398062586784363,0.0,0.0
135,27.20031804998871,-0.482479989528656,0.0,0.0
136,27.40031811001245,-0.4810001254081726,0.0,0.0
137,27.600318059965502,-0.47953367233276367,0.0,0.0
138,27.800318049965426,-0.47808724641799927,0.0,0.0
139,28.000318049977068,-0.47665905952453613,0.0,0.0
140,28.200318170012906,-0.47522467374801636,0.0,0.0
141,28.40031811001245,-0.47380101680755615,0.0,0.0
142,28.600317989999894,-0.4723958969116211,0.0,0.0
143,28.800318140012678,-0.4710097312927246,0.0,0.0
144,29.00031798996497,-0.4696410000324249,0.0,0.0
145,29.20031804998871,-0.46830421686172485,0.0,0.0
146,29.40031811001245,-0.46697521209716797,0.0,0.0
147,29.600317989999894,-0.4656563103199005,0.0,0.0
148,29.800318109977525,-0.46435561776161194,0.0,0.0
149,30.000318180012982,-0.4630640745162964,0.0,0.0
150,30.200318110000808,-0.4617936909198761,0.0,0.0
151,30.400318519969005,-0.46053287386894226,0.0,0.0
152,30.60031801997684,-0.45928406715393066,0.0,0.0
153,30.800318169989623,-0.45806315541267395,0.0,0.0
154,31.000318049977068,-0.45685482025146484,0.0,0.0
155,31.200318110000808,-0.45565956830978394,0.0,0.0
156,31.40031805000035,-0.45449742674827576,0.0,0.0
157,31.600318079988938,-0.45334863662719727,0.0,0.0
158,31.800317990011536,-0.4522205889225006,0.0,0.0
159,32.00031813996611,-0.45109647512435913,0.0,0.0
160,32.20031804998871,-0.4499827027320862,0.0,0.0
161,32.40031811001245,-0.4488845467567444,0.0,0.0
162,32.60031812998932,-0.4477972388267517,0.0,0.0
163,32.800317990011536,-0.44672584533691406,0.0,0.0
164,33.0003180700005,-0.4456821084022522,0.0,0.0
165,33.200318120012525,-0.44464191794395447,0.0,0.0
166,33.40031805000035,-0.44361457228660583,0.0,0.0
167,33.600318040000275,-0.4426104724407196,0.0,0.0
168,33.800318109977525,-0.4416182339191437,0.0,0.0
169,34.00031804997707,-0.44064152240753174,0.0,0.0
170,34.200318129966035,-0.43968260288238525,0.0,0.0
171,34.40031801001169,-0.43868955969810486,0.0,0.0
172,34.600317989999894,-0.43768420815467834,0.0,0.0
173,34.800318109977525,-0.43670058250427246,0.0,0.0
174,35.00031798996497,-0.435754656791687,0.0,0.0
175,35.20031804998871,-0.4348168969154358,0.0,0.0
176,35.40031805000035,-0.4339079260826111,0.0,0.0
177,35.60031805001199,-0.4330155551433563,0.0,0.0
178,35.800318109977525,-0.4321170151233673,0.0,0.0
179,36.00031803996535,-0.4312324821949005,0.0,0.0
180,36.20031808997737,-0.43036189675331116,0.0,0.0
181,36.40031803998863,-0.42949211597442627,0.0,0.0
182,36.60031805001199,-0.42863959074020386,0.0,0.0
183,36.800318049965426,-0.4278221130371094,0.0,0.0
184,37.000318059988786,-0.42701154947280884,0.0,0.0
185,37.20031797996489,-0.42619314789772034,0.0,0.0
186,37.400318089989014,-0.425403356552124,0.0,0.0
187,37.60031810996588,-0.4246034026145935,0.0,0.0
188,37.800318049965426,-0.4238077402114868,0.0,0.0
189,38.000318109989166,-0.4230249226093292,0.0,0.0
190,38.20031804998871,-0.4222330152988434,0.0,0.0
191,38.40031805000035,-0.42147359251976013,0.0,0.0
192,38.60031805001199,-0.4207257330417633,0.0,0.0
193,38.800318049965426,-0.41998133063316345,0.0,0.0
194,39.000318170001265,-0.41923806071281433,0.0,0.0
195,39.20031811000081,-0.4185139834880829,0.0,0.0
196,39.400318139989395,-0.4177975058555603,0.0,0.0
197,39.6003181799897,-0.41707611083984375,0.0,0.0
198,39.80031811998924,-0.4163838326931,0.0,0.0
199,40.000318109989166,-0.4157097041606903,0.0,0.0
200,40.20031803997699,-0.41503313183784485,0.0,0.0
201,40.40031811001245,-0.41436249017715454,0.0,0.0
202,40.600317979988176,-0.4137123227119446,0.0,0.0
203,40.800318059977144,-0.413047194480896,0.0,0.0
204,41.00031798996497,-0.4124070107936859,0.0,0.0
205,41.20031799998833,-0.4102700650691986,0.0,0.0
206,41.40031799999997,-0.40970665216445923,0.0,0.0
207,41.6003180599655,-0.4091062545776367,0.0,0.0
208,41.80031800997676,-0.4084918797016144,0.0,0.0
209,42.00031808001222,-0.4078984260559082,0.0,0.0
210,42.200318129966035,-0.40729933977127075,0.0,0.0
211,42.40031799999997,-0.40672534704208374,0.0,0.0
212,42.60031800001161,-0.4061560034751892,0.0,0.0
213,42.80031806998886,-0.40558791160583496,0.0,0.0
214,43.000318059988786,-0.4050310254096985,0.0,0.0
215,43.20031799998833,-0.4044932425022125,0.0,0.0
216,43.40031806996558,-0.40396443009376526,0.0,0.0
217,43.60031812998932,-0.4034264385700226,0.0,0.0
218,43.800318059977144,-0.40287840366363525,0.0,0.0
219,44.000318109989166,-0.4023360311985016,0.0,0.0
220,44.20031806000043,-0.4018121361732483,0.0,0.0
221,44.40031806996558,-0.4012812674045563,0.0,0.0
222,44.600318250013515,-0.4007570743560791,0.0,0.0
223,44.80031801998848,-0.40025490522384644,0.0,0.0
224,45.000318059988786,-0.3997715711593628,0.0,0.0
225,45.200318079965655,-0.39927878975868225,0.0,0.0
226,45.40031806996558,-0.3987811505794525,0.0,0.0
227,45.60031800001161,-0.39827099442481995,0.0,0.0
228,45.80031814996619,-0.3978055715560913,0.0,0.0
229,46.0003181300126,-0.3973607122898102,0.0,0.0
230,46.200318029965274,-0.3968718945980072,0.0,0.0
231,46.40031812997768,-0.3963908553123474,0.0,0.0
232,46.60031807998894,-0.39590543508529663,0.0,0.0
233,46.800318159977905,-0.3954620659351349,0.0,0.0
234,47.000318059988786,-0.3950164318084717,0.0,0.0
235,47.200318070012145,-0.3945606052875519,0.0,0.0
236,47.4003182699671,-0.39408472180366516,0.0,0.0
237,47.6003180599655,-0.3936549723148346,0.0,0.0
238,47.80031814996619,-0.3932524025440216,0.0,0.0
239,48.00031799997669,-0.39283108711242676,0.0,0.0
240,48.200318070012145,-0.39237913489341736,0.0,0.0
241,48.400318089989014,-0.3919306695461273,0.0,0.0
242,48.60031812998932,-0.3915015161037445,0.0,0.0
243,48.8003180300002,-0.39108213782310486,0.0,0.0
244,49.000318009988405,-0.39067089557647705,0.0,0.0
245,49.20031803997699,-0.390256404876709,0.0,0.0
246,49.40031826001359,-0.3898320496082306,0.0,0.0
247,49.60031806997722,-0.389431893825531,0.0,0.0
248,49.80031813000096,-0.38900622725486755,0.0,0.0
249,50.000318059988786,-0.38860511779785156,0.0,0.0
250,50.200318129966035,-0.38819003105163574,0.0,0.0
251,50.400318089989014,-0.3877824544906616,0.0,0.0
252,50.60031806997722,-0.38737252354621887,0.0,0.0
253,50.80031806998886,-0.3870058059692383,0.0,0.0
254,51.0003181300126,-0.386637419462204,0.0,0.0
255,51.200318070012145,-0.38627246022224426,0.0,0.0
256,51.40031812997768,-0.38589149713516235,0.0,0.0
257,51.60031812998932,-0.38551899790763855,0.0,0.0
258,51.800318059977144,-0.3851468563079834,0.0,0.0
259,52.00031799997669,-0.38477617502212524,0.0,0.0
260,52.20031813997775,-0.38441675901412964,0.0,0.0
261,52.40031811996596,-0.3840562701225281,0.0,0.0
262,52.60031800001161,-0.38369816541671753,0.0,0.0
263,52.80031818000134,-0.3833524286746979,0.0,0.0
264,53.000318059988786,-0.3829779624938965,0.0,0.0
265,53.20031799998833,-0.3826257586479187,0.0,0.0
266,53.40031806996558,-0.3822647035121918,0.0,0.0
267,53.60031812998932,-0.38193953037261963,0.0,0.0
268,53.800317999965046,-0.38158899545669556,0.0,0.0
269,54.000318059988786,-0.3812543451786041,0.0,0.0
270,54.200318129966035,-0.38090410828590393,0.0,0.0
271,54.40031806001207,-0.38056138157844543,0.0,0.0
272,54.6003180599655,-0.38021567463874817,0.0,0.0
273,54.800318059977144,-0.37989988923072815,0.0,0.0
274,55.00031808001222,-0.37957704067230225,0.0,0.0
275,55.20031806000043,-0.37925198674201965,0.0,0.0
276,55.40031812997768,-0.3789293169975281,0.0,0.0
277,55.6003180599655,-0.3786192834377289,0.0,0.0
278,55.800318059977144,-0.3783107399940491,0.0,0.0
279,56.000318059988786,-0.37799277901649475,0.0,0.0
280,56.20031803997699,-0.37767815589904785,0.0,0.0
281,56.40031816996634,-0.3773804008960724,0.0,0.0
282,56.6003180599655,-0.37708696722984314,0.0,0.0
283,56.80031800997676,-0.37678852677345276,0.0,0.0
284,57.0003180700005,-0.3764820992946625,0.0,0.0
285,57.20031799998833,-0.3761838972568512,0.0,0.0
286,57.40031806001207,-0.37587156891822815,0.0,0.0
287,57.60031800996512,-0.37555500864982605,0.0,0.0
288,57.80031819001306,-0.37523820996284485,0.0,0.0
289,58.00031808001222,-0.3749385178089142,0.0,0.0
290,58.20031806000043,-0.374625027179718,0.0,0.0
291,58.40031811996596,-0.3743199408054352,0.0,0.0
292,58.6003180599655,-0.3740204870700836,0.0,0.0
293,58.80031813000096,-0.3737260103225708,0.0,0.0
294,59.000318059988786,-0.37343621253967285,0.0,0.0
295,59.20031806000043,-0.3731512129306793,0.0,0.0
296,59.40031806001207,-0.3728623688220978,0.0,0.0
297,59.6003180599655,-0.3725930452346802,0.0,0.0
298,59.80031813000096,-0.37232670187950134,0.0,0.0
299,60.000318059988786,-0.3720566928386688,0.0,0.0
300,60.200318070012145,-0.37177667021751404,0.0,0.0
301,60.40031799999997,-0.3715190589427948,0.0,0.0
302,60.6003181199776,-0.37124723196029663,0.0,0.0
303,60.800318159977905,-0.3709695339202881,0.0,0.0
304,61.00031815998955,-0.37069469690322876,0.0,0.0
305,61.200318010000046,-0.3704276382923126,0.0,0.0
306,61.40031812997768,-0.3701586127281189,0.0,0.0
307,61.60031800001161,-0.3699098527431488,0.0,0.0
308,61.800318059977144,-0.36963289976119995,0.0,0.0
309,62.0003180700005,-0.3693641126155853,0.0,0.0
310,62.20031813997775,-0.3691047430038452,0.0,0.0
311,62.400318250001874,-0.3688430190086365,0.0,0.0
312,62.600318090000656,-0.3685925006866455,0.0,0.0
313,62.80031809996581,-0.3683542311191559,0.0,0.0
314,63.000318059988786,-0.36810383200645447,0.0,0.0
315,63.200318070012145,-0.3678596019744873,0.0,0.0
316,63.40031816001283,-0.36760133504867554,0.0,0.0
317,63.60031800001161,-0.36734485626220703,0.0,0.0
318,63.80031800997676,-0.3670845925807953,0.0,0.0
319,64.00031804997707,-0.36684322357177734,0.0,0.0
320,64.20031807001214,-0.36659306287765503,0.0,0.0
321,64.40031812997768,-0.3663554787635803,0.0,0.0
322,64.60031800001161,-0.36610808968544006,0.0,0.0
323,64.80031799996505,-0.3658657371997833,0.0,0.0
324,65.00031799997669,-0.3656284511089325,0.0,0.0
325,65.20031799998833,-0.36536815762519836,0.0,0.0
326,65.4003180199652,-0.365143358707428,0.0,0.0
327,65.60031800001161,-0.3649578392505646,0.0,0.0
328,65.80031805997714,-0.36474674940109253,0.0,0.0
329,66.00031824997859,-0.3645380437374115,0.0,0.0
330,66.20031813997775,-0.3643120527267456,0.0,0.0
331,66.40031812997768,-0.3640788495540619,0.0,0.0
332,66.60031809000066,-0.3638395071029663,0.0,0.0
333,66.80031800997676,-0.36359354853630066,0.0,0.0
334,67.0003181300126,-0.36335158348083496,0.0,0.0
335,67.20031801000005,-0.3631219267845154,0.0,0.0
336,67.40031811996596,-0.36289113759994507,0.0,0.0
337,67.6003180599655,-0.36267322301864624,0.0,0.0
338,67.80031800997676,-0.362458199262619,0.0,0.0
339,68.00031799997669,-0.36224666237831116,0.0,0.0
340,68.20031799998833,-0.3620164096355438,0.0,0.0
341,68.40031806001207,-0.3618035614490509,0.0,0.0
342,68.60031812998932,-0.36157485842704773,0.0,0.0
343,68.80031805997714,-0.3613438606262207,0.0,0.0
344,69.00031808001222,-0.36113014817237854,0.0,0.0
345,69.20031826000195,-0.3609177768230438,0.0,0.0
346,69.40031812997768,-0.3607138693332672,0.0,0.0
347,69.60031806997722,-0.36050787568092346,0.0,0.0
348,69.80031811998924,-0.3602912127971649,0.0,0.0
349,70.00031810998917,-0.36009952425956726,0.0,0.0
350,70.20031799998833,-0.3598944842815399,0.0,0.0
351,70.40031806001207,-0.3596884608268738,0.0,0.0
352,70.6003180599655,-0.3594774603843689,0.0,0.0
353,70.80031805997714,-0.3592572510242462,0.0,0.0
354,71.00031799997669,-0.3590400815010071,0.0,0.0
355,71.20031812001253,-0.35884836316108704,0.0,0.0
356,71.40031821001321,-0.3586462736129761,0.0,0.0
357,71.60031801997684,-0.35843923687934875,0.0,0.0
358,71.80031806998886,-0.35825034976005554,0.0,0.0
359,72.00031805998879,-0.35807210206985474,0.0,0.0
360,72.20031812996604,-0.3579016923904419,0.0,0.0
361,72.40031801001169,-0.35771241784095764,0.0,0.0
362,72.6003180599655,-0.35751307010650635,0.0,0.0
363,72.80031805997714,-0.357302725315094,0.0,0.0
364,73.00031799997669,-0.35710468888282776,0.0,0.0
365,73.20031806000043,-0.3568890392780304,0.0,0.0
366,73.40031860995805,-0.3566799759864807,0.0,0.0
367,73.60031800001161,-0.35647428035736084,0.0,0.0
368,73.80031814001268,-0.35626864433288574,0.0,0.0
369,74.00031813996611,-0.35608193278312683,0.0,0.0
370,74.20031812996604,-0.3558904826641083,0.0,0.0
371,74.40031806001207,-0.3556993305683136,0.0,0.0
372,74.6003180599655,-0.3555130362510681,0.0,0.0
373,74.80031805997714,-0.35532742738723755,0.0,0.0
374,75.00031799997669,-0.3551497161388397,0.0,0.0
375,75.20031799998833,-0.35497498512268066,0.0,0.0
376,75.4003182000015,-0.3548026382923126,0.0,0.0
377,75.60031800001161,-0.35460934042930603,0.0,0.0
378,75.80031805997714,-0.3544297516345978,0.0,0.0
379,76.0003181300126,-0.3542337119579315,0.0,0.0
380,76.20031807996565,-0.3540477156639099,0.0,0.0
381,76.40031799999997,-0.35386165976524353,0.0,0.0
382,76.60031800001161,-0.3536731004714966,0.0,0.0
383,76.80031799996505,-0.35349056124687195,0.0,0.0
384,77.00031803996535,-0.3533177077770233,0.0,0.0
385,77.2003184799687,-0.35314226150512695,0.0,0.0
386,77.40031812997768,-0.3529660403728485,0.0,0.0
387,77.60031812998932,-0.35277146100997925,0.0,0.0
388,77.80031806998886,-0.35260695219039917,0.0,0.0
389,78.00031799997669,-0.35243338346481323,0.0,0.0
390,78.20031806000043,-0.3522535562515259,0.0,0.0
391,78.40031806001207,-0.3520822525024414,0.0,0.0
392,78.6003180599655,-0.3519114851951599,0.0,0.0
393,78.80031804001192,-0.3517443537712097,0.0,0.0
394,79.00031812000088,-0.3516021966934204,0.0,0.0
395,79.20031808997737,-0.3514413833618164,0.0,0.0
396,79.40031799999997,-0.3513168692588806,0.0,0.0
397,79.60031800001161,-0.3511715531349182,0.0,0.0
398,79.80031813000096,-0.35100072622299194,0.0,0.0
399,80.00031803996535,-0.3508136570453644,0.0,0.0
400,80.20031802001176,-0.3506205379962921,0.0,0.0
401,80.40031802997692,-0.35045763850212097,0.0,0.0
402,80.60031801997684,-0.3502756953239441,0.0,0.0
403,80.80031808000058,-0.35010698437690735,0.0,0.0
404,81.00031799997669,-0.3499242663383484,0.0,0.0
405,81.20031802001176,-0.3497432768344879,0.0,0.0
406,81.40031806001207,-0.34959468245506287,0.0,0.0
407,81.6003180599655,-0.3494618535041809,0.0,0.0
408,81.8003180900123,-0.34930428862571716,0.0,0.0
409,82.00031799997669,-0.3491632342338562,0.0,0.0
410,82.20031806000043,-0.3490241765975952,0.0,0.0
411,82.40031811996596,-0.34888172149658203,0.0,0.0
412,82.6003181199776,-0.34872668981552124,0.0,0.0
413,82.80031813000096,-0.3485667109489441,0.0,0.0
414,83.00031805998879,-0.3484118580818176,0.0,0.0
415,83.20031799998833,-0.3482683598995209,0.0,0.0
416,83.40031806001207,-0.34810397028923035,0.0,0.0
417,83.60031806997722,-0.3479507863521576,0.0,0.0
418,83.80031799996505,-0.34779092669487,0.0,0.0
419,84.0003181300126,-0.34762075543403625,0.0,0.0
420,84.20031806000043,-0.3474579155445099,0.0,0.0
421,84.40031825000187,-0.34727969765663147,0.0,0.0
422,84.60031806997722,-0.34712523221969604,0.0,0.0
423,84.80031799996505,-0.3469565510749817,0.0,0.0
424,85.00031805998879,-0.34679606556892395,0.0,0.0
425,85.20031806000043,-0.34662750363349915,0.0,0.0
426,85.40031812997768,-0.3464790880680084,0.0,0.0
427,85.60031807998894,-0.3463209569454193,0.0,0.0
428,85.80031799996505,-0.34617409110069275,0.0,0.0
429,86.00031805998879,-0.3460230827331543,0.0,0.0
430,86.20031812996604,-0.3458724915981293,0.0,0.0
431,86.40031808998901,-0.3457396328449249,0.0,0.0
432,86.6003180599655,-0.34560447931289673,0.0,0.0
433,86.80031805997714,-0.34547045826911926,0.0,0.0
434,87.00031812000088,-0.34531790018081665,0.0,0.0
435,87.20031812996604,-0.3451550602912903,0.0,0.0
436,87.40031801001169,-0.3449888825416565,0.0,0.0
437,87.60031800001161,-0.3448382616043091,0.0,0.0
438,87.80031813000096,-0.3447067439556122,0.0,0.0
439,88.0003180700005,-0.34455811977386475,0.0,0.0
440,88.20031807001214,-0.34440964460372925,0.0,0.0
441,88.40031811996596,-0.34428247809410095,0.0,0.0
442,88.60031800001161,-0.3441630005836487,0.0,0.0
443,88.80031805997714,-0.3440416157245636,0.0,0.0
444,89.00031805998879,-0.34390202164649963,0.0,0.0
445,89.20031802001176,-0.3437385857105255,0.0,0.0
446,89.40031806001207,-0.3435789942741394,0.0,0.0
447,89.6003180599655,-0.34341609477996826,0.0,0.0
448,89.80031801998848,-0.34326013922691345,0.0,0.0
449,90.0003180700005,-0.3430917263031006,0.0,0.0
450,90.20031806000043,-0.3429449796676636,0.0,0.0
451,90.40031806001207,-0.3428032696247101,0.0,0.0
452,90.60031814000104,-0.34265223145484924,0.0,0.0
453,90.80031813000096,-0.3425179421901703,0.0,0.0
454,91.00031815998955,-0.3424047827720642,0.0,0.0
455,91.20031806000043,-0.3422509431838989,0.0,0.0
456,91.40031799999997,-0.3421074450016022,0.0,0.0
457,91.60031804000027,-0.34195590019226074,0.0,0.0
458,91.80031813000096,-0.34180885553359985,0.0,0.0
459,92.00031805998879,-0.34167739748954773,0.0,0.0
460,92.20031813997775,-0.34153857827186584,0.0,0.0
461,92.40031806001207,-0.3413946330547333,0.0,0.0
462,92.6003181199776,-0.34125426411628723,0.0,0.0
463,92.80031818000134,-0.3411228358745575,0.0,0.0
464,93.00031805998879,-0.340975284576416,0.0,0.0
465,93.20031806000043,-0.3408222794532776,0.0,0.0
466,93.40031812997768,-0.3406755030155182,0.0,0.0
467,93.60031800001161,-0.34053972363471985,0.0,0.0
468,93.80031799996505,-0.34038257598876953,0.0,0.0
469,94.00031825999031,-0.34023216366767883,0.0,0.0
470,94.20031806000043,-0.3400942087173462,0.0,0.0
471,94.40031803998863,-0.33994847536087036,0.0,0.0
472,94.60031815996626,-0.33982712030410767,0.0,0.0
473,94.80031805997714,-0.33969584107398987,0.0,0.0
474,95.00031799997669,-0.33958032727241516,0.0,0.0
475,95.20031812996604,-0.3394486904144287,0.0,0.0
476,95.40031806001207,-0.3393118381500244,0.0,0.0
477,95.60031812998932,-0.33917227387428284,0.0,0.0
478,95.80031805997714,-0.3390491008758545,0.0,0.0
479,96.00031812000088,-0.3389236330986023,0.0,0.0
480,96.20031812996604,-0.3387967050075531,0.0,0.0
481,96.40031806001207,-0.3386608958244324,0.0,0.0
482,96.60031804000027,-0.3385295569896698,0.0,0.0
483,96.80031808000058,-0.33836808800697327,0.0,0.0
484,97.00031799997669,-0.33823075890541077,0.0,0.0
485,97.20031816000119,-0.338093101978302,0.0,0.0
486,97.4003180199652,-0.3379618525505066,0.0,0.0
487,97.6003180599655,-0.3378415107727051,0.0,0.0
488,97.80031799996505,-0.3377240300178528,0.0,0.0
489,98.00031818001298,-0.3375982344150543,0.0,0.0
490,98.20031806000043,-0.33746859431266785,0.0,0.0
491,98.40031806001207,-0.3373339772224426,0.0,0.0
492,98.60031806997722,-0.3372006118297577,0.0,0.0
493,98.80031804001192,-0.3370800316333771,0.0,0.0
494,99.00031824997859,-0.33696407079696655,0.0,0.0
495,99.20031806000043,-0.33685916662216187,0.0,0.0
496,99.40031815000111,-0.33675113320350647,0.0,0.0
497,99.6003180599655,-0.33662208914756775,0.0,0.0
498,99.80031811998924,-0.3364885747432709,0.0,0.0
499,100.0003181300126,-0.3363577425479889,0.0,0.0
500,100.20031814998947,-0.3362322747707367,0.0,0.0
501,100.40031806001207,-0.3361121118068695,0.0,0.0
502,100.60031807998894,-0.33600372076034546,0.0,0.0
503,100.80031813000096,-0.33587542176246643,0.0,0.0
504,101.00031814997783,-0.3357466757297516,0.0,0.0
505,101.20031807001214,-0.3356115221977234,0.0,0.0
506,101.4003181399894,-0.33549264073371887,0.0,0.0
507,101.60031806997722,-0.3353712558746338,0.0,0.0
508,101.80031808000058,-0.33525416254997253,0.0,0.0
509,102.00031808001222,-0.33512377738952637,0.0,0.0
510,102.20031814998947,-0.33499035239219666,0.0,0.0
511,102.40031806001207,-0.33487313985824585,0.0,0.0
512,102.60031801997684,-0.3347489833831787,0.0,0.0
513,102.80031808000058,-0.33462896943092346,0.0,0.0
514,103.00031808996573,-0.33451616764068604,0.0,0.0
515,103.20031806000043,-0.334386944770813,0.0,0.0
516,103.40031803998863,-0.3342663645744324,0.0,0.0
517,103.60031802998856,-0.3341388404369354,0.0,0.0
518,103.80031806998886,-0.33402517437934875,0.0,0.0
519,104.0003181300126,-0.3339095711708069,0.0,0.0
520,104.20031806000043,-0.3337906002998352,0.0,0.0
521,104.40031812997768,-0.3336740732192993,0.0,0.0
522,104.60031812998932,-0.3335708677768707,0.0,0.0
523,104.80031805997714,-0.3334513306617737,0.0,0.0
524,105.00031812000088,-0.3333283066749573,0.0,0.0
525,105.20031807001214,-0.3331998586654663,0.0,0.0
526,105.40031805000035,-0.33309227228164673,0.0,0.0
527,105.6003180599655,-0.332985520362854,0.0,0.0
528,105.80031841999153,-0.33289045095443726,0.0,0.0
529,106.00031805998879,-0.3327789604663849,0.0,0.0
530,106.20031806000043,-0.33266791701316833,0.0,0.0
531,106.40031799999997,-0.33256134390830994,0.0,0.0
532,106.60031819000142,-0.332426518201828,0.0,0.0
533,106.80031806998886,-0.3323156535625458,0.0,0.0
534,107.00031815998955,-0.3321952223777771,0.0,0.0
535,107.20031806000043,-0.33207789063453674,0.0,0.0
536,107.40031806996558,-0.33196863532066345,0.0,0.0
537,107.60031825996703,-0.3318519592285156,0.0,0.0
538,107.80031834996771,-0.33174943923950195,0.0,0.0
539,108.00031812000088,-0.33164915442466736,0.0,0.0
540,108.20031818997813,-0.33153173327445984,0.0,0.0
541,108.4003180799773,-0.33145251870155334,0.0,0.0
542,108.6003180599655,-0.331360399723053,0.0,0.0
543,108.80031805997714,-0.3312423527240753,0.0,0.0
544,109.00031842995668,-0.33111968636512756,0.0,0.0
545,109.20031809998909,-0.33099865913391113,0.0,0.0
546,109.40031806001207,-0.33089306950569153,0.0,0.0
547,109.60031812998932,-0.33078598976135254,0.0,0.0
548,109.80031799996505,-0.3306732773780823,0.0,0.0
549,110.00031812000088,-0.3305615186691284,0.0,0.0
550,110.20031809998909,-0.3304564356803894,0.0,0.0
551,110.40031806001207,-0.3303641080856323,0.0,0.0
552,110.60031805001199,-0.3302798271179199,0.0,0.0
553,110.80031813000096,-0.33019378781318665,0.0,0.0
554,111.00031819997821,-0.3300929367542267,0.0,0.0
555,111.20031829999061,-0.33000651001930237,0.0,0.0
556,111.40031806001207,-0.3298897445201874,0.0,0.0
557,111.6003180599655,-0.32977330684661865,0.0,0.0
558,111.80031814996619,-0.329659640789032,0.0,0.0
559,112.00031813996611,-0.32954466342926025,0.0,0.0
560,112.20031807996565,-0.32943546772003174,0.0,0.0
561,112.40031846996862,-0.32933998107910156,0.0,0.0
562,112.60031812998932,-0.32923537492752075,0.0,0.0
563,112.80031805997714,-0.32913559675216675,0.0,0.0
564,113.00031815998955,-0.32904183864593506,0.0,0.0
565,113.20031807001214,-0.3289451003074646,0.0,0.0
566,113.40031806996558,-0.3288419842720032,0.0,0.0
567,113.60031806997722,-0.3287346661090851,0.0,0.0
568,113.80031799996505,-0.3286128044128418,0.0,0.0
569,114.00031815998955,-0.32850515842437744,0.0,0.0
570,114.20031812996604,-0.328390508890152,0.0,0.0
571,114.40031816001283,-0.32828953862190247,0.0,0.0
572,114.60031819000142,-0.32817867398262024,0.0,0.0
573,114.80031806998886,-0.3280617296695709,0.0,0.0
574,115.00031858996954,-0.327959805727005,0.0,0.0
575,115.20031799998833,-0.3278600573539734,0.0,0.0
576,115.40031801001169,-0.3277726471424103,0.0,0.0
577,115.60031819000142,-0.3277031481266022,0.0,0.0
578,115.80031805997714,-0.32764002680778503,0.0,0.0
579,116.00031805998879,-0.3275635242462158,0.0,0.0
580,116.20031806000043,-0.32749783992767334,0.0,0.0
581,116.40031815000111,-0.3274213373661041,0.0,0.0
582,116.6003180599655,-0.32731392979621887,0.0,0.0
583,116.80031808000058,-0.32717517018318176,0.0,0.0
584,117.00031803001184,-0.32703128457069397,0.0,0.0
585,117.20031812996604,-0.3269282877445221,0.0,0.0
586,117.40031799999997,-0.32684364914894104,0.0,0.0
587,117.60031820001313,-0.3267665505409241,0.0,0.0
588,117.80031806998886,-0.32667437195777893,0.0,0.0
589,118.00031817000126,-0.32655179500579834,0.0,0.0
590,118.20031812996604,-0.3264758586883545,0.0,0.0
591,118.40031799999997,-0.32638025283813477,0.0,0.0
592,118.60031805001199,-0.3262815773487091,0.0,0.0
593,118.80031805997714,-0.32618290185928345,0.0,0.0
594,119.0003181300126,-0.32607904076576233,0.0,0.0
595,119.20031807001214,-0.32596689462661743,0.0,0.0
596,119.40031811996596,-0.3258773386478424,0.0,0.0
597,119.6003180599655,-0.32580119371414185,0.0,0.0
598,119.80031813000096,-0.3257070481777191,0.0,0.0
599,119.99992799997563,-0.32560160756111145,0.0,0.0
