,Timestamp,Working Electrode Voltage [V],Working Electrode Current [A],Temperature [C]
0,0.07343300990760326,2.9654269218444824,0.05654233694076538,0.0
1,0.1234325299737975,2.974254608154297,0.05654308944940567,0.0
2,0.17343240999616683,2.984787940979004,0.056541964411735535,0.0
3,0.22343244997318834,2.991915225982666,0.05654247850179672,0.0
4,0.2734325899509713,3.0008769035339355,0.05654296278953552,0.0
5,0.3234325199155137,3.0098109245300293,0.05654248222708702,0.0
6,0.3734325199620798,3.0176522731781006,0.05654227361083031,0.0
7,0.42343242990318686,3.0253701210021973,0.05654183030128479,0.0
8,0.47343239991459996,3.03189754486084,0.056541986763477325,0.0
9,0.5234325799392536,3.0380263328552246,0.056541558355093,0.0
10,0.573432509903796,3.0426619052886963,0.0565415658056736,0.0
11,0.6234326499979943,3.048121213912964,0.05654042214155197,0.0
12,0.6734325198922306,3.0530037879943848,0.05654069408774376,0.0
13,0.7234323899028823,3.0569536685943604,0.05654020980000496,0.0
14,0.7734324699267745,3.059767246246338,0.05654088035225868,0.0
15,0.8234323899960145,3.0636606216430664,0.056540727615356445,0.0
16,0.8734323899261653,3.0672037601470947,0.056539978832006454,0.0
17,0.9234325099969283,3.0688729286193848,0.05653953552246094,0.0
18,0.973432479891926,3.073352098464966,0.05653978884220123,0.0
19,1.0234325199853629,3.0755186080932617,0.056539904326200485,0.0
20,1.073432399891317,3.0784904956817627,0.05653996393084526,0.0
21,1.1234324499964714,3.083021402359009,0.056539442390203476,0.0
22,1.1734323799610138,3.0882866382598877,0.05653964355587959,0.0
23,1.223432509927079,3.0941426753997803,0.05653923749923706,0.0
24,1.2734325099736452,3.1005043983459473,0.05653920769691467,0.0
25,1.3234324499499053,3.107121229171753,0.05653872340917587,0.0
26,1.3734324499964714,3.1136791706085205,0.056538742035627365,0.0
27,1.4234325198922306,3.119295358657837,0.05653984472155571,0.0
28,1.4734325199387968,3.12435245513916,0.05653965100646019,0.0
29,1.5234324499033391,3.1283326148986816,0.05654006451368332,0.0
30,1.5734324499499053,3.129911422729492,0.05654113367199898,0.0
31,1.6234324399847537,3.13095760345459,0.05653929337859154,0.0
32,1.6734324499266222,3.1346893310546875,0.05653867870569229,0.0
33,1.7234325299505144,3.1349730491638184,0.056540653109550476,0.0
34,1.7734323899494484,3.1390810012817383,0.05654073879122734,0.0
35,1.823432489996776,3.144930601119995,0.05654115602374077,0.0
36,1.8734324598917738,3.150674819946289,0.05654112249612808,0.0
37,1.9234326099976897,3.1584084033966064,0.05654070898890495,0.0
38,1.9734324499731883,3.166609764099121,0.05654101446270943,0.0
39,2.023432449903339,3.1737477779388428,0.05654088407754898,0.0
40,2.0734324499499053,3.1809818744659424,0.05654038116335869,0.0
41,2.1234324499964714,3.1880674362182617,0.05654027685523033,0.0
42,2.1734325099969283,3.200129270553589,0.056539662182331085,0.0
43,2.2234323899028823,3.206827163696289,0.056540053337812424,0.0
44,2.273432449903339,3.208361864089966,0.05654077231884003,0.0
45,2.323432509903796,3.209451675415039,0.05654069781303406,0.0
46,2.373432569904253,3.2154974937438965,0.05654100328683853,0.0
47,2.423432449926622,3.2121310234069824,0.05654014274477959,0.0
48,2.473432509927079,3.2156386375427246,0.056540586054325104,0.0
49,2.523432539892383,3.223574161529541,0.05654122680425644,0.0
50,2.5734324499499053,3.231462001800537,0.05654064565896988,0.0
51,2.6234323899261653,3.2436556816101074,0.05654062703251839,0.0
52,2.673432569950819,3.2503440380096436,0.05653981864452362,0.0
53,2.723432509927079,3.2618961334228516,0.05653990060091019,0.0
54,2.773432519985363,3.2688162326812744,0.05654112249612808,0.0
55,2.8234324499499053,3.2686855792999268,0.05654123052954674,0.0
56,2.873432509950362,3.2765188217163086,0.056541189551353455,0.0
57,2.9234324399149045,3.292160749435425,0.056540582329034805,0.0
58,2.973432509927079,3.298335313796997,0.0565408430993557,0.0
59,3.0234323799377307,3.3125321865081787,0.056540597230196,0.0
60,3.0734324499499053,3.321056842803955,0.05654051527380943,0.0
61,3.1234324499964714,3.3188693523406982,0.05653982609510422,0.0
62,3.1734323899727315,3.329333543777466,0.056539297103881836,0.0
63,3.2234324499731883,3.338228702545166,0.05653872713446617,0.0
64,3.273432399961166,3.3394007682800293,0.056540459394454956,0.0
65,3.323432509903796,3.337571144104004,0.05653960630297661,0.0
66,3.3734325299737975,3.354727268218994,0.05653885379433632,0.0
67,3.423432449926622,3.3628487586975098,0.0565396286547184,0.0
68,3.4734324499731883,3.3451671600341797,0.056539345532655716,0.0
69,3.5234324398916215,3.316272020339966,0.056539904326200485,0.0
70,3.5734325499506667,3.2774405479431152,0.05654054507613182,0.0
71,3.62343251996208,3.282036781311035,0.05653972178697586,0.0
72,3.6734323899727315,3.2708756923675537,0.05654056742787361,0.0
73,3.7234324499731883,3.2353403568267822,0.05654165521264076,0.0
74,3.773432449903339,3.240022659301758,0.05654177442193031,0.0
75,3.8234324499499053,3.2498464584350586,0.0565410777926445,0.0
76,3.8734324399847537,3.262273073196411,0.0565408356487751,0.0
77,3.92343245993834,3.2754428386688232,0.05654041841626167,0.0
78,3.9734324899036437,3.2868688106536865,0.05654021352529526,0.0
79,4.023432509973645,3.2933859825134277,0.05653994157910347,0.0
80,4.073432419914752,3.299407958984375,0.05653935298323631,0.0
81,4.123432469903491,3.3028438091278076,0.05654023960232735,0.0
82,4.173432449926622,3.312299966812134,0.05654037743806839,0.0
83,4.22343254997395,3.327089309692383,0.0565410852432251,0.0
84,4.273432449903339,3.337458848953247,0.05653996020555496,0.0
85,4.323432479985058,3.3443949222564697,0.05653999745845795,0.0
86,4.373432389926165,3.3464865684509277,0.05653924494981766,0.0
87,4.423432549927384,3.347980260848999,0.056538745760917664,0.0
88,4.473432449973188,3.3601417541503906,0.056539133191108704,0.0
89,4.523432569927536,3.379714250564575,0.056539393961429596,0.0
90,4.573432469973341,3.3926432132720947,0.05654022842645645,0.0
91,4.623432509950362,3.378891706466675,0.05654085800051689,0.0
92,4.673432449926622,3.259948492050171,0.05654124170541763,0.0
93,4.723432389902882,3.239971160888672,0.05654088035225868,0.0
94,4.773432589950971,3.247504234313965,0.05654166638851166,0.0
95,4.823432519915514,3.2526755332946777,0.05654057115316391,0.0
96,4.873432379914448,3.2600584030151367,0.05654040351510048,0.0
97,4.923432449926622,3.2685368061065674,0.05654014274477959,0.0
98,4.973432639962994,3.2780239582061768,0.05653943121433258,0.0
99,5.023432589950971,3.2904961109161377,0.05653988942503929,0.0
100,5.073432509903796,3.292440414428711,0.056541554629802704,0.0
101,5.123432449996471,3.2989678382873535,0.056541234254837036,0.0
102,5.173432449926622,3.3133554458618164,0.056540921330451965,0.0
103,5.223432379891165,3.3213748931884766,0.05654069036245346,0.0
104,5.273432379937731,3.326286792755127,0.05654028803110123,0.0
105,5.323432439938188,3.3332293033599854,0.056539133191108704,0.0
106,5.373432479915209,3.336977243423462,0.05653885006904602,0.0
107,5.423432529903948,3.3380532264709473,0.05654044449329376,0.0
108,5.473432449973188,3.3435213565826416,0.05654100328683853,0.0
109,5.523432679940015,3.350564479827881,0.056540362536907196,0.0
110,5.573432649951428,3.35768723487854,0.05653922259807587,0.0
111,5.623432459891774,3.3481829166412354,0.056539442390203476,0.0
112,5.673432449926622,3.3008687496185303,0.05654057115316391,0.0
113,5.723432459984906,3.3028759956359863,0.056540586054325104,0.0
114,5.773432519985363,3.313817024230957,0.056541044265031815,0.0
115,5.8234323899960145,3.3159568309783936,0.0565408430993557,0.0
116,5.873432469903491,3.3122575283050537,0.0565418004989624,0.0
117,5.923432449926622,3.322190284729004,0.056540776044130325,0.0
118,5.973432469996624,3.3332409858703613,0.05654054880142212,0.0
119,6.023432689951733,3.3425981998443604,0.0565410815179348,0.0
120,6.073432449949905,3.347640037536621,0.05653960257768631,0.0
121,6.123432389926165,3.294813632965088,0.05654161423444748,0.0
122,6.1734324399149045,3.2024435997009277,0.05654101073741913,0.0
123,6.223432449973188,3.1866343021392822,0.05654106289148331,0.0
124,6.273432449903339,3.189917802810669,0.056541234254837036,0.0
125,6.323432469973341,3.1994802951812744,0.05654114857316017,0.0
126,6.373432449996471,3.2076520919799805,0.056540217250585556,0.0
127,6.423432579962537,3.215747356414795,0.05654022842645645,0.0
128,6.473432689905167,3.2239153385162354,0.05653984472155571,0.0
129,6.523432449903339,3.2307534217834473,0.05653998255729675,0.0
130,6.5734323899960145,3.2422409057617188,0.05653991550207138,0.0
131,6.623432469903491,3.255571126937866,0.05654006823897362,0.0
132,6.673432539915666,3.2538862228393555,0.056540701538324356,0.0
133,6.723432449973188,3.2542195320129395,0.056540634483098984,0.0
134,6.7734324398916215,3.2631337642669678,0.056540559977293015,0.0
135,6.823432449949905,3.271944761276245,0.05653943121433258,0.0
136,6.87343251996208,3.2883095741271973,0.05653957650065422,0.0
137,6.923432449926622,3.309227228164673,0.05653958022594452,0.0
138,6.973432389902882,3.3110034465789795,0.05653974413871765,0.0
139,7.0234324398916215,3.3160362243652344,0.05653921887278557,0.0
140,7.073432509903796,3.3181488513946533,0.05653944984078407,0.0
141,7.123432419961318,3.3300037384033203,0.056538697332143784,0.0
142,7.173432449926622,3.334432363510132,0.05653849244117737,0.0
143,7.223432459984906,3.343207597732544,0.05653896927833557,0.0
144,7.273432449903339,3.3552651405334473,0.056539375334978104,0.0
145,7.323432459961623,3.358768939971924,0.056539684534072876,0.0
146,7.37343251996208,3.361738681793213,0.056539345532655716,0.0
147,7.423432449926622,3.3697595596313477,0.056540120393037796,0.0
148,7.4734325798926875,3.3909058570861816,0.056539613753557205,0.0
149,7.523432449903339,3.399972915649414,0.05653977394104004,0.0
150,7.573432519915514,3.413346290588379,0.05653921142220497,0.0
151,7.623432389926165,3.422121524810791,0.05653959512710571,0.0
152,7.673432509996928,3.436042070388794,0.05654037743806839,0.0
153,7.723432439961471,3.4539291858673096,0.05653977766633034,0.0
154,7.773432449903339,3.4741907119750977,0.05653960257768631,0.0
155,7.823432449949905,3.5000803470611572,0.05653956159949303,0.0
156,7.873432459891774,3.520935535430908,0.056538909673690796,0.0
157,7.923432479961775,3.5138885974884033,0.05653983727097511,0.0
158,7.973432539962232,3.5292301177978516,0.056540295481681824,0.0
159,8.023432469926775,3.545097589492798,0.05654025822877884,0.0
160,8.073432439938188,3.509728193283081,0.05654137209057808,0.0
161,8.123432449996471,3.4665231704711914,0.05653957277536392,0.0
162,8.173432389972731,3.447777032852173,0.056540220975875854,0.0
163,8.223432449973188,3.350912094116211,0.05654207989573479,0.0
164,8.273432439891621,3.3086345195770264,0.05653984472155571,0.0
165,8.323432389996015,3.2458925247192383,0.05654072016477585,0.0
166,8.373432449996471,3.2290072441101074,0.05654053017497063,0.0
167,8.423432379961014,3.231046199798584,0.05654044449329376,0.0
168,8.473432469996624,3.2350411415100098,0.05654023960232735,0.0
169,8.52343244990334,3.2005887031555176,0.05654069408774376,0.0
170,8.573432439938188,3.178550958633423,0.056541599333286285,0.0
171,8.623432449996471,3.1833765506744385,0.05654111132025719,0.0
172,8.67343251989223,3.1866989135742188,0.05654133856296539,0.0
173,8.723432529950514,3.192401647567749,0.056541189551353455,0.0
174,8.77343244990334,3.1982643604278564,0.05653921887278557,0.0
175,8.823432439938188,3.207537889480591,0.05653918534517288,0.0
176,8.873432389926165,3.215627431869507,0.05653933808207512,0.0
177,8.923432479961775,3.225904703140259,0.05653921887278557,0.0
178,8.973432509927079,3.232938051223755,0.056539278477430344,0.0
179,9.02343244990334,3.231247663497925,0.056539326906204224,0.0
180,9.073432849952951,3.231135606765747,0.056539952754974365,0.0
181,9.123432509950362,3.232635974884033,0.05653991550207138,0.0
182,9.173432509996928,3.230928659439087,0.05653948709368706,0.0
183,9.223432429949753,3.2066962718963623,0.056539855897426605,0.0
184,9.273432439891621,3.1907529830932617,0.05653921142220497,0.0
185,9.323432389996015,3.1939165592193604,0.05653971806168556,0.0
186,9.373432509950362,3.19699764251709,0.05653957277536392,0.0
187,9.423432429903187,3.2033798694610596,0.05653919279575348,0.0
188,9.47343243996147,3.2151753902435303,0.056539203971624374,0.0
189,9.523432389949448,3.223257541656494,0.05653894692659378,0.0
190,9.57343263993971,3.2280468940734863,0.05653919279575348,0.0
191,9.623432389926165,3.2313215732574463,0.056539032608270645,0.0
192,9.673432389972731,3.2387475967407227,0.05653943866491318,0.0
193,9.723432459984906,3.2467775344848633,0.056539371609687805,0.0
194,9.773432509973645,3.2603204250335693,0.056539736688137054,0.0
195,9.823432439938188,3.268603563308716,0.05654044449329376,0.0
196,9.87343251996208,3.2699379920959473,0.05653996020555496,0.0
197,9.923432539915666,3.265127420425415,0.05654042586684227,0.0
198,9.973432449973188,3.2724902629852295,0.05653969943523407,0.0
199,10.023432389949448,3.2790050506591797,0.056539133191108704,0.0
200,10.073432389996015,3.2875099182128906,0.056539375334978104,0.0
201,10.123432449996471,3.3029067516326904,0.05653923749923706,0.0
202,10.173432529903948,3.3105669021606445,0.056538961827754974,0.0
203,10.22343254997395,3.3188657760620117,0.05653825029730797,0.0
204,10.273432499961928,3.322523593902588,0.05653861537575722,0.0
205,10.323432439938188,3.3372766971588135,0.056538376957178116,0.0
206,10.373432419961318,3.300422191619873,0.05654054880142212,0.0
207,10.423432389972731,3.2672107219696045,0.05653978884220123,0.0
208,10.473432449973188,3.271928548812866,0.05654004588723183,0.0
209,10.52343244990334,3.2817158699035645,0.056538961827754974,0.0
210,10.573432449949905,3.2900829315185547,0.05653945729136467,0.0
211,10.62343251996208,3.3078858852386475,0.056539442390203476,0.0
212,10.673432449926622,3.3077635765075684,0.05653977021574974,0.0
213,10.72343243996147,3.2772552967071533,0.056540608406066895,0.0
214,10.773432389949448,3.2162013053894043,0.05654187127947807,0.0
215,10.823432909906842,3.202538013458252,0.05654100328683853,0.0
216,10.873432449996471,3.204232692718506,0.0565396249294281,0.0
217,10.92343251989223,3.207918643951416,0.05653941258788109,0.0
218,10.973432389902882,3.21066951751709,0.056539129465818405,0.0
219,11.02343244990334,3.217615842819214,0.05654006823897362,0.0
220,11.073432409903035,3.2243316173553467,0.056540101766586304,0.0
221,11.123432389926165,3.233096122741699,0.05653985217213631,0.0
222,11.173432509996928,3.2421932220458984,0.05653855577111244,0.0
223,11.223432459984906,3.2527832984924316,0.05653893202543259,0.0
224,11.27343237993773,3.2640867233276367,0.0565386526286602,0.0
225,11.323432609904557,3.272425651550293,0.0565384179353714,0.0
226,11.373432379914448,3.2832086086273193,0.056539203971624374,0.0
227,11.423432529903948,3.2901389598846436,0.05653944984078407,0.0
228,11.473432479891926,3.2964510917663574,0.05653831735253334,0.0
229,11.523432389949448,3.303008556365967,0.05653896927833557,0.0
230,11.573432589997537,3.3081066608428955,0.05653978884220123,0.0
231,11.623432449996471,3.3135833740234375,0.056538887321949005,0.0
232,11.673432429903187,3.3160293102264404,0.05653883516788483,0.0
233,11.723432419938035,3.3250439167022705,0.056538697332143784,0.0
234,11.77343244990334,3.331941604614258,0.056538671255111694,0.0
235,11.823432459961623,3.3385062217712402,0.05653948709368706,0.0
236,11.873432389926165,3.3460474014282227,0.056540220975875854,0.0
237,11.923432389972731,3.357383966445923,0.056539829820394516,0.0
238,11.973432389902882,3.370925188064575,0.05653970688581467,0.0
239,12.02343244990334,3.3754191398620605,0.056540150195360184,0.0
240,12.07343246997334,3.3827924728393555,0.05654053017497063,0.0
241,12.123432699940167,3.3914549350738525,0.05653971806168556,0.0
242,12.17343245993834,3.3946897983551025,0.0565401129424572,0.0
243,12.223432529950514,3.40556001663208,0.05653977021574974,0.0
244,12.273432439891621,3.415498971939087,0.05654047429561615,0.0
245,12.323432449949905,3.4334332942962646,0.05653936788439751,0.0
246,12.373432449996471,3.4517810344696045,0.0565398707985878,0.0
247,12.423432449926622,3.4626524448394775,0.056539371609687805,0.0
248,12.47343243996147,3.464679002761841,0.05654054135084152,0.0
249,12.523432719986886,3.475278615951538,0.05654100328683853,0.0
250,12.573432439938188,3.484036922454834,0.05654038488864899,0.0
251,12.623432449996471,3.50095534324646,0.056540049612522125,0.0
252,12.67343239998445,3.5229105949401855,0.056539516896009445,0.0
253,12.72343243996147,3.5400588512420654,0.05653909221291542,0.0
254,12.77343252999708,3.54939341545105,0.05653894320130348,0.0
255,12.823432479985058,3.546675443649292,0.05653873831033707,0.0
256,12.873432459891774,3.551433801651001,0.056539248675107956,0.0
257,12.923432469950058,3.5677261352539062,0.056539732962846756,0.0
258,12.973432449973188,3.5023868083953857,0.05654150992631912,0.0
259,13.023432389949448,3.4550352096557617,0.05654168874025345,0.0
260,13.073432449949905,3.354959726333618,0.05654045566916466,0.0
261,13.123432389926165,3.3320863246917725,0.05654025822877884,0.0
262,13.173432439914905,3.3010470867156982,0.05654139816761017,0.0
263,13.223432509927079,3.3093440532684326,0.05654126778244972,0.0
264,13.273432509973645,3.323359489440918,0.056540653109550476,0.0
265,13.323432489996776,3.3363711833953857,0.056540247052907944,0.0
266,13.373432449996471,3.345313549041748,0.056540198624134064,0.0
267,13.423432429903187,3.3547115325927734,0.056540608406066895,0.0
268,13.473432509927079,3.362067461013794,0.05653977394104004,0.0
269,13.52343244990334,3.3726401329040527,0.056539613753557205,0.0
270,13.573432449949905,3.3830835819244385,0.05653967708349228,0.0
271,13.623432449996471,3.3919496536254883,0.056540247052907944,0.0
272,13.673432409996167,3.3441765308380127,0.05654077231884003,0.0
273,13.723432389902882,3.3524491786956787,0.05653988569974899,0.0
274,13.77343252999708,3.3537425994873047,0.05654009431600571,0.0
275,13.82343246997334,3.292510986328125,0.05654119327664375,0.0
276,13.873432389926165,3.273098945617676,0.056541405618190765,0.0
277,13.923432449926622,3.278176784515381,0.05654127150774002,0.0
278,13.973432389902882,3.2827606201171875,0.05654165521264076,0.0
279,14.023432579939254,3.2819712162017822,0.056542400270700455,0.0
280,14.073432449949905,3.285245180130005,0.05654033273458481,0.0
281,14.123432439984754,3.290029287338257,0.05653991550207138,0.0
282,14.173432469950058,3.29178524017334,0.05654001608490944,0.0
283,14.223432569997385,3.2968103885650635,0.056540295481681824,0.0
284,14.273432509973645,3.3032381534576416,0.0565401054918766,0.0
285,14.323432439938188,3.29119610786438,0.056540049612522125,0.0
286,14.373432429973036,3.2178642749786377,0.05654114857316017,0.0
287,14.423432389972731,3.2008631229400635,0.05654067546129227,0.0
288,14.473432479891926,3.2010998725891113,0.05654045194387436,0.0
289,14.52343242999632,3.199352979660034,0.056539811193943024,0.0
290,14.573432549950667,3.2056984901428223,0.056540440768003464,0.0
291,14.623432449996471,3.2131121158599854,0.05653989315032959,0.0
292,14.673432449926622,3.2207040786743164,0.05653975158929825,0.0
293,14.72343254997395,3.227717161178589,0.05653904378414154,0.0
294,14.773432719986886,3.2321207523345947,0.056538231670856476,0.0
295,14.823432449949905,3.2422807216644287,0.05653814226388931,0.0
296,14.873432469903491,3.25148868560791,0.05653837323188782,0.0
297,14.923432379961014,3.2577693462371826,0.0565379373729229,0.0
298,14.973432469996624,3.266305446624756,0.05653926730155945,0.0
299,15.023432509973645,3.282136917114258,0.05653891712427139,0.0
300,15.073432499892078,3.288769006729126,0.05653894320130348,0.0
301,15.123432509950362,3.2842209339141846,0.05653929337859154,0.0
302,15.17343249998521,3.2906346321105957,0.05653931573033333,0.0
303,15.22343243996147,3.3039767742156982,0.056539714336395264,0.0
304,15.273432509973645,3.317817449569702,0.05653928592801094,0.0
305,15.323432979988866,3.334110975265503,0.05653880164027214,0.0
306,15.373432449996471,3.3408446311950684,0.05653944984078407,0.0
307,15.423432449926622,3.3539621829986572,0.056540001183748245,0.0
308,15.473432409926318,3.3659064769744873,0.05653989315032959,0.0
309,15.523432519985363,3.367332935333252,0.05653957650065422,0.0
310,15.573432449949905,3.373750686645508,0.0565391443669796,0.0
311,15.623432379914448,3.3815362453460693,0.05653953552246094,0.0
312,15.673432449926622,3.381711006164551,0.05653918907046318,0.0
313,15.723432419938035,3.381990671157837,0.05653909221291542,0.0
314,15.773432509973645,3.3917605876922607,0.05653909593820572,0.0
315,15.823432379984297,3.4015448093414307,0.05653972178697586,0.0
316,15.873432449996471,3.422534704208374,0.05654056742787361,0.0
317,15.923432709998451,3.4458751678466797,0.05654052272439003,0.0
318,15.973432449973188,3.4568469524383545,0.056540347635746,0.0
319,16.023432789952494,3.471884250640869,0.05654030665755272,0.0
320,16.073432389996015,3.493595838546753,0.056540701538324356,0.0
321,16.123432439984754,3.4873147010803223,0.05654104799032211,0.0
322,16.173432539915666,3.4966206550598145,0.056539732962846756,0.0
323,16.22343243996147,3.5182430744171143,0.0565393902361393,0.0
324,16.27343238994945,3.546151876449585,0.05653895437717438,0.0
325,16.323432449949905,3.5526437759399414,0.05653977394104004,0.0
326,16.37343244999647,3.5614006519317627,0.05653935298323631,0.0
327,16.423432449926622,3.584038496017456,0.05653872713446617,0.0
328,16.473432519938797,3.6012027263641357,0.05653872713446617,0.0
329,16.523432519985363,3.62300443649292,0.056537970900535583,0.0
330,16.57343252992723,3.647198438644409,0.056539926677942276,0.0
331,16.62343244999647,3.6388587951660156,0.05654085800051689,0.0
332,16.673432409996167,3.529822826385498,0.0565410852432251,0.0
333,16.72343244997319,3.4720444679260254,0.056542038917541504,0.0
334,16.77343238994945,3.466336488723755,0.05654061958193779,0.0
335,16.82343270990532,3.4730098247528076,0.056540220975875854,0.0
336,16.873432389926165,3.4723007678985596,0.05654006451368332,0.0
337,16.923432439914905,3.4383156299591064,0.05654088035225868,0.0
338,16.97343244997319,3.357731342315674,0.056541748344898224,0.0
339,17.023432519985363,3.299776554107666,0.05654223635792732,0.0
340,17.073432439938188,3.2527272701263428,0.05654260888695717,0.0
341,17.12343244999647,3.256964921951294,0.056541651487350464,0.0
342,17.173432449926622,3.2609949111938477,0.05654080957174301,0.0
343,17.223432419938035,3.2696783542633057,0.05654032900929451,0.0
344,17.27343243989162,3.2814040184020996,0.05653985217213631,0.0
345,17.323432449949905,3.28701114654541,0.05654073879122734,0.0
346,17.373432389926165,3.288219928741455,0.056540582329034805,0.0
347,17.423432449926622,3.294731855392456,0.05654052272439003,0.0
348,17.47343244997319,3.3076837062835693,0.056539200246334076,0.0
349,17.523432579939254,3.320429563522339,0.05653964728116989,0.0
350,17.57343252992723,3.309673547744751,0.056540220975875854,0.0
351,17.62343244999647,3.307246685028076,0.05654062330722809,0.0
352,17.67343262990471,3.3031206130981445,0.05654096603393555,0.0
353,17.72343244997319,3.3055105209350586,0.05654045194387436,0.0
354,17.77343238994945,3.309809684753418,0.05654077231884003,0.0
355,17.823432509903796,3.309837579727173,0.05654044449329376,0.0
356,17.87343244999647,3.310577154159546,0.056540340185165405,0.0
357,17.92343251989223,3.3204293251037598,0.05654006823897362,0.0
358,17.97343250992708,3.3285200595855713,0.05654006451368332,0.0
359,18.02343244990334,3.342021942138672,0.056540269404649734,0.0
360,18.073432509903796,3.3456907272338867,0.05654022842645645,0.0
361,18.123432379914448,3.3530173301696777,0.056540101766586304,0.0
362,18.173432449926622,3.362844705581665,0.05654003471136093,0.0
363,18.223432669998147,3.369266986846924,0.056540608406066895,0.0
364,18.273432459915057,3.3800241947174072,0.05654008686542511,0.0
365,18.32343253993895,3.3969366550445557,0.05654031038284302,0.0
366,18.37343258992769,3.4067752361297607,0.05653983727097511,0.0
367,18.423432439914905,3.418884754180908,0.05653899908065796,0.0
368,18.47343243996147,3.4405362606048584,0.056539542973041534,0.0
369,18.523432459915057,3.4686245918273926,0.05653815716505051,0.0
370,18.573432389996015,3.5043158531188965,0.056539006531238556,0.0
371,18.623432389926165,3.512006998062134,0.05653957650065422,0.0
372,18.673432449926622,3.5083305835723877,0.056539274752140045,0.0
373,18.72343244997319,3.5009613037109375,0.05653993412852287,0.0
374,18.77343244990334,3.517300844192505,0.056539345532655716,0.0
375,18.823432509903796,3.5390591621398926,0.056539952754974365,0.0
376,18.873432439984754,3.5353007316589355,0.05653977394104004,0.0
377,18.923432539915666,3.550307512283325,0.05653991922736168,0.0
378,18.97343244997319,3.5735504627227783,0.05653926730155945,0.0
379,19.02343243989162,3.5959584712982178,0.056538213044404984,0.0
380,19.073432519915514,3.6289541721343994,0.05653857812285423,0.0
381,19.123432599939406,3.6726443767547607,0.056538522243499756,0.0
382,19.17343245993834,3.6903374195098877,0.056538693606853485,0.0
383,19.22343243996147,3.692477226257324,0.05653911456465721,0.0
384,19.27343265991658,3.6834042072296143,0.05654055252671242,0.0
385,19.323432449949905,3.6864724159240723,0.05654030293226242,0.0
386,19.373432509950362,3.699939250946045,0.05654027685523033,0.0
387,19.423432489973493,3.716540575027466,0.05653991550207138,0.0
388,19.47343250992708,3.6933631896972656,0.05654066428542137,0.0
389,19.523432459915057,3.5218851566314697,0.05654163286089897,0.0
390,19.573432449949905,3.3688018321990967,0.05654112249612808,0.0
391,19.62343244999647,3.338454008102417,0.05654000863432884,0.0
392,19.673432449926622,3.3438003063201904,0.056539613753557205,0.0
393,19.72343243996147,3.3500313758850098,0.056540921330451965,0.0
394,19.773432459915057,3.366950750350952,0.056540075689554214,0.0
395,19.82343242992647,3.3861124515533447,0.056538891047239304,0.0
396,19.873432529973798,3.4001922607421875,0.05653892830014229,0.0
397,19.923432439914905,3.4116926193237305,0.056540295481681824,0.0
398,19.973432389902882,3.4274492263793945,0.05653991550207138,0.0
399,20.02343244990334,3.442671775817871,0.056539278477430344,0.0
400,20.07343257998582,3.4467227458953857,0.056539278477430344,0.0
401,20.123432379914448,3.460376262664795,0.05653928592801094,0.0
402,20.17343250999693,3.4635488986968994,0.05653997138142586,0.0
403,20.22343244997319,3.4613213539123535,0.05653935670852661,0.0
404,20.27343238994945,3.4640748500823975,0.056539420038461685,0.0
405,20.323432459961623,3.4615113735198975,0.056539639830589294,0.0
406,20.37343247991521,3.4669628143310547,0.05653953179717064,0.0
407,20.423432379961014,3.486419677734375,0.05653882399201393,0.0
408,20.47343244997319,3.505887031555176,0.056539326906204224,0.0
409,20.52343244990334,3.527055501937866,0.05653904378414154,0.0
410,20.57343249989208,3.5358777046203613,0.05653969943523407,0.0
411,20.62343244999647,3.5386688709259033,0.05653994530439377,0.0
412,20.673432849929668,3.532458782196045,0.05654067173600197,0.0
413,20.72343250992708,3.524010419845581,0.05653991550207138,0.0
414,20.773432459915057,3.5286331176757812,0.05654075741767883,0.0
415,20.823432389996015,3.4931693077087402,0.05654098466038704,0.0
416,20.87343244999647,3.426060914993286,0.05654088407754898,0.0
417,20.92343250999693,3.4290823936462402,0.05654006823897362,0.0
418,20.97343244997319,3.429706335067749,0.056540247052907944,0.0
419,21.02343244990334,3.4413557052612305,0.05654044449329376,0.0
420,21.073432459961623,3.4524741172790527,0.056539833545684814,0.0
421,21.12343244999647,3.4639744758605957,0.05654043331742287,0.0
422,21.173432639916427,3.470693826675415,0.05654066428542137,0.0
423,21.22343250992708,3.4737355709075928,0.05653997138142586,0.0
424,21.27343244990334,3.4857795238494873,0.056539926677942276,0.0
425,21.323432449949905,3.4983224868774414,0.05653981491923332,0.0
426,21.373432439984754,3.514732599258423,0.05653926357626915,0.0
427,21.42343251989223,3.525094985961914,0.05653969570994377,0.0
428,21.47343244997319,3.527137041091919,0.056540217250585556,0.0
429,21.52343244990334,3.51208233833313,0.05654040351510048,0.0
430,21.573432389996015,3.457288980484009,0.05654134601354599,0.0
431,21.623432549997233,3.3197033405303955,0.05654197186231613,0.0
432,21.673432439914905,3.301307201385498,0.056541409343481064,0.0
433,21.723432389902882,3.292894124984741,0.056541427969932556,0.0
434,21.77343244990334,3.290226697921753,0.05654103308916092,0.0
435,21.823432449949905,3.283693313598633,0.056540168821811676,0.0
436,21.873432439984754,3.292801856994629,0.05654012784361839,0.0
437,21.92343251989223,3.3002512454986572,0.056539829820394516,0.0
438,21.97343250992708,3.3067283630371094,0.0565406009554863,0.0
439,22.023432889953256,3.31461763381958,0.05653971806168556,0.0
440,22.073432449949905,3.3185176849365234,0.056539908051490784,0.0
441,22.123432389926165,3.3241069316864014,0.056540388613939285,0.0
442,22.17343250999693,3.3360605239868164,0.05653931200504303,0.0
443,22.223432389902882,3.349133253097534,0.056539371609687805,0.0
444,22.27343252999708,3.360940933227539,0.05653887614607811,0.0
445,22.323432509903796,3.37544322013855,0.056539542973041534,0.0
446,22.373432439984754,3.390289068222046,0.05653978884220123,0.0
447,22.42343245993834,3.3996551036834717,0.05653899163007736,0.0
448,22.473432379891165,3.408153772354126,0.05653990060091019,0.0
449,22.52343243989162,3.4151511192321777,0.056539230048656464,0.0
450,22.573432389996015,3.4210684299468994,0.0565388984978199,0.0
451,22.62343244999647,3.4283833503723145,0.05653929337859154,0.0
452,22.67343245993834,3.444871425628662,0.05653839185833931,0.0
453,22.72343250992708,3.4586565494537354,0.056539297103881836,0.0
454,22.77343244990334,3.4625916481018066,0.056538812816143036,0.0
455,22.823432449949905,3.4639456272125244,0.05653887242078781,0.0
456,22.873432509950362,3.4651553630828857,0.056539230048656464,0.0
457,22.923432449926622,3.4674880504608154,0.05653846636414528,0.0
458,22.97343244997319,3.4814655780792236,0.056538764387369156,0.0
459,23.02343243989162,3.492076873779297,0.05653964728116989,0.0
460,23.073432439938188,3.5069336891174316,0.056538961827754974,0.0
461,23.123432439984754,3.5049586296081543,0.056539639830589294,0.0
462,23.17343252990395,3.5249924659729004,0.056539226323366165,0.0
463,23.223432589904405,3.4789648056030273,0.05654136463999748,0.0
464,23.273432509973645,3.3610732555389404,0.05654124543070793,0.0
465,23.323432439938188,3.351552724838257,0.05654092878103256,0.0
466,23.373432439984754,3.3575918674468994,0.05654036998748779,0.0
467,23.423432449926622,3.366206169128418,0.05654018372297287,0.0
468,23.473432389902882,3.3748114109039307,0.05654020234942436,0.0
469,23.52343237993773,3.385566473007202,0.0565391480922699,0.0
470,23.573432449949905,3.4106552600860596,0.05653905123472214,0.0
471,23.623432639986277,3.427307367324829,0.05654008686542511,0.0
472,23.673432449926622,3.4433577060699463,0.05654072016477585,0.0
473,23.72343244997319,3.4533348083496094,0.05654077231884003,0.0
474,23.773432579939254,3.4541358947753906,0.056540217250585556,0.0
475,23.82343252992723,3.4603257179260254,0.05654006823897362,0.0
476,23.873432659893297,3.4623007774353027,0.056540269404649734,0.0
477,23.923432379961014,3.468010187149048,0.056538909673690796,0.0
478,23.97343243996147,3.465956687927246,0.05653943121433258,0.0
479,24.02343238994945,3.4827170372009277,0.05654004588723183,0.0
480,24.073432389996015,3.4931797981262207,0.056540463119745255,0.0
481,24.12343258992769,3.4200870990753174,0.05654095485806465,0.0
482,24.17343262990471,3.3869638442993164,0.05653972551226616,0.0
483,24.22343244997319,3.384974241256714,0.05654039978981018,0.0
484,24.27343244990334,3.3882243633270264,0.056540511548519135,0.0
485,24.323432409903035,3.395320415496826,0.056540124118328094,0.0
486,24.373432529973798,3.3984413146972656,0.05654076859354973,0.0
487,24.42343252990395,3.409459352493286,0.05654050409793854,0.0
488,24.473432389902882,3.422450304031372,0.05654074624180794,0.0
489,24.52343237993773,3.4237618446350098,0.056539811193943024,0.0
490,24.573432589997537,3.417800188064575,0.05654040351510048,0.0
491,24.623432389926165,3.4140546321868896,0.05654040724039078,0.0
492,24.673432449926622,3.355686902999878,0.05654141679406166,0.0
493,24.7234323999146,3.2933151721954346,0.056540895253419876,0.0
494,24.773432399961166,3.298729658126831,0.0565406009554863,0.0
495,24.823432509903796,3.307565927505493,0.05653989315032959,0.0
496,24.87343244999647,3.3074090480804443,0.056539442390203476,0.0
497,24.923432449926622,3.3058934211730957,0.056539926677942276,0.0
498,24.97343243996147,3.301513671875,0.05654093250632286,0.0
499,25.0234324199846,3.303497552871704,0.05654003843665123,0.0
500,25.07343246997334,3.3048908710479736,0.05654008314013481,0.0
501,25.12343244999647,3.3134093284606934,0.05654054507613182,0.0
502,25.173432439914905,3.323333263397217,0.05654006451368332,0.0
503,25.2234323999146,3.3279147148132324,0.05654041841626167,0.0
504,25.273432509973645,3.336726188659668,0.05654054507613182,0.0
505,25.323432439938188,3.3496551513671875,0.05653974413871765,0.0
506,25.373432439984754,3.3625707626342773,0.056539662182331085,0.0
507,25.423432449926622,3.3771605491638184,0.0565386600792408,0.0
508,25.47343244997319,3.376472234725952,0.056539058685302734,0.0
509,25.523432509973645,3.3754289150238037,0.05653950572013855,0.0
510,25.57343252992723,3.379882574081421,0.05653945729136467,0.0
511,25.623432429973036,3.401027202606201,0.05653885379433632,0.0
512,25.673432449926622,3.4307801723480225,0.05653879791498184,0.0
513,25.723432519938797,3.4493117332458496,0.05653887987136841,0.0
514,25.77343238994945,3.4606540203094482,0.056540146470069885,0.0
515,25.823432449949905,3.4809749126434326,0.056540027260780334,0.0
516,25.87343244999647,3.501420497894287,0.0565396212041378,0.0
517,25.923432579962537,3.497965097427368,0.056540291756391525,0.0
518,25.973432519938797,3.501401424407959,0.05653941258788109,0.0
519,26.02343238994945,3.5179076194763184,0.056538503617048264,0.0
520,26.073432509903796,3.523477554321289,0.05653766542673111,0.0
521,26.123432509950362,3.5416359901428223,0.05653867870569229,0.0
522,26.17343251989223,3.5506105422973633,0.05653933435678482,0.0
523,26.22343297000043,3.4841606616973877,0.05654031038284302,0.0
524,26.273432569927536,3.441279411315918,0.056540701538324356,0.0
525,26.323432549950667,3.436868667602539,0.056540269404649734,0.0
526,26.373432389926165,3.442598342895508,0.05653930827975273,0.0
527,26.42343250999693,3.4442331790924072,0.05653978884220123,0.0
528,26.47343244997319,3.458195209503174,0.05653931945562363,0.0
529,26.523432509973645,3.472525119781494,0.056539613753557205,0.0
530,26.573432399891317,3.4895899295806885,0.05653885751962662,0.0
531,26.623432559892535,3.50333571434021,0.05653970316052437,0.0
532,26.67343250999693,3.518803119659424,0.05653945729136467,0.0
533,26.72343244997319,3.529005527496338,0.05654030665755272,0.0
534,26.773432539892383,3.5391454696655273,0.05654037743806839,0.0
535,26.823432389996015,3.5452675819396973,0.05654047802090645,0.0
536,26.873432439984754,3.55924654006958,0.05654051527380943,0.0
537,26.923432449926622,3.5766751766204834,0.056539662182331085,0.0
538,26.973432379891165,3.5937066078186035,0.05653999745845795,0.0
539,27.02343243989162,3.60439395904541,0.05654071271419525,0.0
540,27.073432509903796,3.5987555980682373,0.05653922259807587,0.0
541,27.123432509950362,3.6141576766967773,0.05653911828994751,0.0
542,27.173432469950058,3.635484218597412,0.056539297103881836,0.0
543,27.223432469996624,3.636784553527832,0.056540653109550476,0.0
544,27.27343291998841,3.637850522994995,0.056540828198194504,0.0
545,27.323432509903796,3.65091609954834,0.05653978884220123,0.0
546,27.37343246990349,3.6564619541168213,0.056539032608270645,0.0
547,27.423432379961014,3.6701111793518066,0.0565396286547184,0.0
548,27.47343243996147,3.688730239868164,0.05653872340917587,0.0
549,27.52343244990334,3.6878936290740967,0.05653887242078781,0.0
550,27.573432439938188,3.701895236968994,0.05653848499059677,0.0
551,27.62343251996208,3.7196435928344727,0.056539054960012436,0.0
552,27.673432639916427,3.733412265777588,0.05653956159949303,0.0
553,27.72343243996147,3.745962381362915,0.05653950572013855,0.0
554,27.77343244990334,3.7707014083862305,0.05653996020555496,0.0
555,27.823432389996015,3.8015670776367188,0.056539855897426605,0.0
556,27.873432399937883,3.6608829498291016,0.056539714336395264,0.0
557,27.923432449926622,3.5454165935516357,0.056539230048656464,0.0
558,27.973432729952037,3.525956630706787,0.05653985217213631,0.0
559,28.02343243989162,3.517245054244995,0.05653928592801094,0.0
560,28.073432389996015,3.4754257202148438,0.05654045194387436,0.0
561,28.123432459891774,3.394984006881714,0.056541603058576584,0.0
562,28.17343250999693,3.2760770320892334,0.05654177442193031,0.0
563,28.22343250992708,3.26582407951355,0.05654124170541763,0.0
564,28.27343238994945,3.2708957195281982,0.056540586054325104,0.0
565,28.323432509903796,3.2835726737976074,0.05654032900929451,0.0
566,28.37343251996208,3.292614698410034,0.05654027312994003,0.0
567,28.423432719893754,3.2985830307006836,0.05654000863432884,0.0
568,28.47343243996147,3.3039944171905518,0.05654030665755272,0.0
569,28.523432509973645,3.2959418296813965,0.05654041841626167,0.0
570,28.573432449949905,3.2878174781799316,0.05653974413871765,0.0
571,28.623432389926165,3.278738260269165,0.056539975106716156,0.0
572,28.673432449926622,3.260404109954834,0.0565396286547184,0.0
573,28.7234323999146,3.261782169342041,0.0565396212041378,0.0
574,28.773432509973645,3.261312246322632,0.05654069781303406,0.0
575,28.823432389996015,3.262922763824463,0.056540027260780334,0.0
576,28.873432399937883,3.269819974899292,0.05653969943523407,0.0
577,28.92343250999693,3.2785873413085938,0.05654070898890495,0.0
578,28.973432469996624,3.2862067222595215,0.0565388947725296,0.0
579,29.02343248995021,3.295595169067383,0.056539468467235565,0.0
580,29.073432449949905,3.302743673324585,0.05654028430581093,0.0
581,29.123432509950362,3.310972213745117,0.05654023960232735,0.0
582,29.17343250999693,3.313411235809326,0.05654062703251839,0.0
583,29.22343244997319,3.3186397552490234,0.05654070898890495,0.0
584,29.27343238994945,3.3270907402038574,0.0565396286547184,0.0
585,29.323432669974864,3.3406317234039307,0.056539736688137054,0.0
586,29.373432509950362,3.348759174346924,0.056539371609687805,0.0
587,29.423432439914905,3.3540966510772705,0.05653951317071915,0.0
588,29.47343243996147,3.3626019954681396,0.05653901770710945,0.0
589,29.52343244990334,3.365396499633789,0.05654020234942436,0.0
590,29.573432779987343,3.3691132068634033,0.05654057115316391,0.0
591,29.62343244999647,3.379366636276245,0.05653983727097511,0.0
592,29.673432449926622,3.3867311477661133,0.05653957277536392,0.0
593,29.723432459984906,3.3890321254730225,0.05653993785381317,0.0
594,29.773432469926775,3.39978289604187,0.056539591401815414,0.0
595,29.82343252992723,3.4023685455322266,0.056539978832006454,0.0
596,29.87343246990349,3.404572010040283,0.056540027260780334,0.0
597,29.92343250999693,3.4049060344696045,0.05654014274477959,0.0
598,29.97343243996147,3.2980165481567383,0.05654110386967659,0.0
599,30.023432469926775,3.255671977996826,0.05654112994670868,0.0
600,30.073432439938188,3.2531917095184326,0.05654161795973778,0.0
601,30.123432439984754,3.2561964988708496,0.05654102563858032,0.0
602,30.173432449926622,3.2647898197174072,0.05654025450348854,0.0
603,30.223432519938797,3.275735378265381,0.05653965845704079,0.0
604,30.273432649904862,3.289879560470581,0.056540347635746,0.0
605,30.323432389996015,3.300487995147705,0.05654040724039078,0.0
606,30.373432509950362,3.3155972957611084,0.056540001183748245,0.0
607,30.42343252990395,3.32983660697937,0.05653947591781616,0.0
608,30.473432389902882,3.33778715133667,0.05653961002826691,0.0
609,30.52343243989162,3.352715253829956,0.05653991550207138,0.0
610,30.573432399891317,3.360922336578369,0.05654025822877884,0.0
611,30.623432599939406,3.3622987270355225,0.05653933063149452,0.0
612,30.673432409996167,3.3602099418640137,0.05653999745845795,0.0
613,30.723432469996624,3.3560667037963867,0.05654043331742287,0.0
614,30.77343244990334,3.3558664321899414,0.05654018744826317,0.0
615,30.823432439938188,3.3650805950164795,0.05653957277536392,0.0
616,30.873432509950362,3.3720836639404297,0.05654009431600571,0.0
617,30.923432429903187,3.3785510063171387,0.05654003098607063,0.0
618,30.97343254997395,3.385432720184326,0.056539587676525116,0.0
619,31.02343258995097,3.407890796661377,0.05653882399201393,0.0
620,31.073432449949905,3.4220473766326904,0.05654030665755272,0.0
621,31.123432509950362,3.4378678798675537,0.05653957277536392,0.0
622,31.17343250999693,3.443901300430298,0.05653990060091019,0.0
623,31.22343243996147,3.4560234546661377,0.056540291756391525,0.0
624,31.27343238994945,3.4533798694610596,0.05653984472155571,0.0
625,31.32343263993971,3.456444501876831,0.0565403588116169,0.0
626,31.37343244999647,3.4723033905029297,0.05653933808207512,0.0
627,31.423432589974254,3.49696946144104,0.056538619101047516,0.0
628,31.47343244997319,3.516653060913086,0.05653868615627289,0.0
629,31.523432519985363,3.537837028503418,0.056538525968790054,0.0
630,31.573432439938188,3.5622847080230713,0.056539833545684814,0.0
631,31.623432669905014,3.579127073287964,0.056540921330451965,0.0
632,31.673432439914905,3.5738601684570312,0.05654047802090645,0.0
633,31.723432419938035,3.582043170928955,0.056540120393037796,0.0
634,31.773432799964212,3.584228038787842,0.056540753692388535,0.0
635,31.823432449949905,3.5904972553253174,0.05653952434659004,0.0
636,31.873432509950362,3.620317220687866,0.05653979256749153,0.0
637,31.92343245993834,3.652092933654785,0.05653951317071915,0.0
638,31.973432379891165,3.6751506328582764,0.05653895065188408,0.0
639,32.02343258995097,3.677675247192383,0.05653991550207138,0.0
640,32.07343258999754,3.7020204067230225,0.05653933435678482,0.0
641,32.12343244999647,3.717014789581299,0.05653990060091019,0.0
642,32.17343240999617,3.743847131729126,0.056538425385951996,0.0
643,32.223432529950514,3.7631115913391113,0.05653922259807587,0.0
644,32.27343244990334,3.776116132736206,0.05654033273458481,0.0
645,32.323432449949905,3.8098621368408203,0.05654085427522659,0.0
646,32.37343244999647,3.817058801651001,0.056541286408901215,0.0
647,32.42343250999693,3.76771879196167,0.05653958022594452,0.0
648,32.473432459984906,3.7337117195129395,0.0565381720662117,0.0
649,32.52343243989162,3.758216619491577,0.056539181619882584,0.0
650,32.57343258999754,3.786884069442749,0.05653832480311394,0.0
651,32.623432439984754,3.8269295692443848,0.05653885379433632,0.0
652,32.67343244992662,3.8349955081939697,0.05653996020555496,0.0
653,32.72343266999815,3.8623602390289307,0.05654001608490944,0.0
654,32.77343243989162,3.89957857131958,0.056539058685302734,0.0
655,32.823432509903796,3.918538808822632,0.056538987904787064,0.0
656,32.873432389926165,3.926628828048706,0.056539371609687805,0.0
657,32.92343245993834,3.9401700496673584,0.05653980001807213,0.0
658,32.973432489903644,3.9822487831115723,0.056539494544267654,0.0
659,33.02343244990334,3.974989891052246,0.05653856322169304,0.0
660,33.07343246997334,3.9985077381134033,0.056538909673690796,0.0
661,33.123432439984754,4.002675533294678,0.05653992295265198,0.0
662,33.17343238997273,4.0306267738342285,0.0565393902361393,0.0
663,33.22343250992708,4.029402732849121,0.056540314108133316,0.0
664,33.273432509973645,4.017171382904053,0.05654028803110123,0.0
665,33.323432519915514,4.051137447357178,0.05654025077819824,0.0
666,33.37343250995036,4.0717854499816895,0.056539423763751984,0.0
667,33.423432439914905,4.088534832000732,0.05653960257768631,0.0
668,33.47343253996223,4.128215312957764,0.05653907731175423,0.0
669,33.52343260997441,4.158912658691406,0.05653907358646393,0.0
670,33.57343245996162,4.196152210235596,0.05653940513730049,0.0
671,33.623432439984754,4.213169097900391,0.05654079094529152,0.0
672,33.67343244992662,4.218454837799072,0.05654053017497063,0.0
673,33.72343250992708,4.189881324768066,0.0565408430993557,0.0
674,33.773432579939254,4.176231384277344,0.05654091760516167,0.0
675,33.823432449949905,4.171101093292236,0.05654022842645645,0.0
676,33.87343277991749,4.233224391937256,0.05653917044401169,0.0
677,33.92343256995082,4.320883274078369,0.0565401092171669,0.0
678,33.973432419938035,4.291849613189697,0.056539904326200485,0.0
679,34.02343244990334,4.371889591217041,0.0565388984978199,0.0
680,34.073432449949905,4.386091709136963,0.056538697332143784,0.0
681,34.1234325299738,4.436136245727539,0.056538812816143036,0.0
682,34.17343251989223,3.971435785293579,0.05654134228825569,0.0
683,34.22343244997319,3.8024022579193115,0.056539297103881836,0.0
684,34.27343244990334,3.8113226890563965,0.05653831735253334,0.0
685,34.323432449949905,3.808267116546631,0.05654017627239227,0.0
686,34.37343263998628,3.7840096950531006,0.05654077231884003,0.0
687,34.42343244992662,3.5410115718841553,0.056542444974184036,0.0
688,34.473432379891165,3.1994760036468506,0.05654203146696091,0.0
689,34.5234324199846,3.106396436691284,0.056541282683610916,0.0
690,34.573432449949905,3.100571632385254,0.05654092878103256,0.0
691,34.623432459891774,3.1043617725372314,0.05654013156890869,0.0
692,34.67343238997273,3.1103127002716064,0.056540101766586304,0.0
693,34.72343250992708,3.1146280765533447,0.05654039606451988,0.0
694,34.77343251998536,3.118868350982666,0.05653994530439377,0.0
695,34.82343257998582,3.121762752532959,0.056538768112659454,0.0
696,34.87343244999647,3.125584602355957,0.05654000863432884,0.0
697,34.92343241989147,3.1300771236419678,0.05654025450348854,0.0
698,34.97343250992708,3.129368305206299,0.0565408356487751,0.0
699,35.02343238994945,3.1312859058380127,0.05654077231884003,0.0
700,35.073432509903796,3.1349852085113525,0.05654048174619675,0.0
701,35.123432439984754,3.1398181915283203,0.05654028803110123,0.0
702,35.17343244992662,3.144437551498413,0.056539908051490784,0.0
703,35.22343250992708,3.1495440006256104,0.0565396323800087,0.0
704,35.27343238994945,3.1542036533355713,0.05654133856296539,0.0
705,35.323432509903796,3.159163475036621,0.05654057115316391,0.0
706,35.373432389926165,3.163785934448242,0.05654062330722809,0.0
707,35.42343250999693,3.1685330867767334,0.05653900280594826,0.0
708,35.47343254997395,3.1731116771698,0.05653946474194527,0.0
709,35.52343244990334,3.173046350479126,0.05654032900929451,0.0
710,35.573432449949905,3.1764321327209473,0.05653999373316765,0.0
711,35.62343244999647,3.1822826862335205,0.05653975158929825,0.0
712,35.67343244992662,3.1867504119873047,0.056539442390203476,0.0
713,35.72343250992708,3.188429117202759,0.05654027685523033,0.0
714,35.77343237993773,3.1888253688812256,0.05654076859354973,0.0
715,35.82343243993819,3.1938953399658203,0.05654061958193779,0.0
716,35.87343244999647,3.202176570892334,0.05654023215174675,0.0
717,35.92343244992662,3.208885669708252,0.05653978884220123,0.0
718,35.97343238990288,3.214606285095215,0.056540388613939285,0.0
719,36.02343244990334,3.220034122467041,0.05654148384928703,0.0
720,36.073432449949905,3.224236249923706,0.0565406009554863,0.0
721,36.12343246990349,3.228843927383423,0.05654096603393555,0.0
722,36.173432479961775,3.234732151031494,0.05654120445251465,0.0
723,36.2234325199388,3.245272636413574,0.056541211903095245,0.0
724,36.27343244990334,3.252371072769165,0.05654021352529526,0.0
725,36.323432449949905,3.2565391063690186,0.05653885751962662,0.0
726,36.37343275989406,3.2567758560180664,0.05653824284672737,0.0
727,36.423432379961014,3.2662084102630615,0.05653856322169304,0.0
728,36.47343244997319,3.2764556407928467,0.056539181619882584,0.0
729,36.52343243989162,3.2865676879882812,0.05653966963291168,0.0
730,36.57343241991475,3.295868396759033,0.05653924122452736,0.0
731,36.62343244999647,3.302804708480835,0.05653930827975273,0.0
732,36.67343269998673,3.3122222423553467,0.056538987904787064,0.0
733,36.7234323999146,3.3201587200164795,0.056539349257946014,0.0
734,36.773432509973645,3.331737518310547,0.05653925612568855,0.0
735,36.823432449949905,3.3296597003936768,0.05653970688581467,0.0
736,36.873432389926165,3.334740400314331,0.05653935670852661,0.0
737,36.92343261989299,3.3448474407196045,0.05653967708349228,0.0
738,36.97343240992632,3.3329150676727295,0.056539829820394516,0.0
739,37.023432509973645,3.330608606338501,0.0565391480922699,0.0
740,37.07343247998506,3.344099998474121,0.05653950572013855,0.0
741,37.123432459891774,3.3635458946228027,0.056539107114076614,0.0
742,37.17343244992662,3.3827688694000244,0.056538842618465424,0.0
743,37.22343243996147,3.405932903289795,0.05653945729136467,0.0
744,37.27343251998536,3.422696828842163,0.05654039978981018,0.0
745,37.323432389996015,3.425884485244751,0.05654052272439003,0.0
746,37.37343244999647,3.426069974899292,0.05653975158929825,0.0
747,37.42343238997273,3.4306116104125977,0.056540168821811676,0.0
748,37.4734325199388,3.450111150741577,0.05653936415910721,0.0
749,37.523432579939254,3.473489761352539,0.056539274752140045,0.0
750,37.57343279989436,3.500185012817383,0.05653894692659378,0.0
751,37.62343251996208,3.507040500640869,0.056538984179496765,0.0
752,37.673432439914905,3.509930372238159,0.056540388613939285,0.0
753,37.723432459984906,3.496401071548462,0.05654088407754898,0.0
754,37.773432469926775,3.522614002227783,0.056539926677942276,0.0
755,37.823432389996015,3.5465598106384277,0.05653999745845795,0.0
756,37.87343244999647,3.5463967323303223,0.056539759039878845,0.0
757,37.92343251989223,3.5494155883789062,0.056540053337812424,0.0
758,37.973432569997385,3.5657055377960205,0.0565401092171669,0.0
759,38.02343251998536,3.5719172954559326,0.056540168821811676,0.0
760,38.073432449949905,3.5663061141967773,0.05654078349471092,0.0
761,38.12343251996208,3.583357572555542,0.05654020234942436,0.0
762,38.17343244992662,3.5946173667907715,0.056540150195360184,0.0
763,38.22343243996147,3.599597692489624,0.0565393902361393,0.0
764,38.273432469926775,3.6316537857055664,0.05653950572013855,0.0
765,38.323432509903796,3.6528429985046387,0.056538891047239304,0.0
766,38.37343244999647,3.665187358856201,0.05653918907046318,0.0
767,38.42343251989223,3.6899428367614746,0.05653846636414528,0.0
768,38.473432469996624,3.733272075653076,0.056539446115493774,0.0
769,38.52343251998536,3.727973222732544,0.056539203971624374,0.0
770,38.57343245996162,3.7165117263793945,0.05654062330722809,0.0
771,38.623432439984754,3.7422587871551514,0.05653960257768631,0.0
772,38.67343244992662,3.7669448852539062,0.05653975531458855,0.0
773,38.723432419938035,3.7882792949676514,0.05653920769691467,0.0
774,38.77343244990334,3.828662157058716,0.056538887321949005,0.0
775,38.82343239989132,3.8770785331726074,0.05653895065188408,0.0
776,38.87343250995036,3.929654121398926,0.05653891712427139,0.0
777,38.92343250999693,3.952347993850708,0.05653886869549751,0.0
778,38.97343250992708,3.9571762084960938,0.05654062330722809,0.0
779,39.02343245991506,3.9883389472961426,0.05653825029730797,0.0
780,39.07343243993819,4.007623195648193,0.05653950572013855,0.0
781,39.1234325299738,4.014067649841309,0.056538306176662445,0.0
782,39.173432589974254,4.016634464263916,0.05653953179717064,0.0
783,39.223432459984906,4.018834114074707,0.056540533900260925,0.0
784,39.273432399961166,3.8815419673919678,0.056538548320531845,0.0
785,39.32343247998506,3.8881003856658936,0.05653907731175423,0.0
786,39.37343247991521,3.919530153274536,0.05653981864452362,0.0
787,39.42343251989223,3.95487117767334,0.05653930827975273,0.0
788,39.473432529950514,3.9917948246002197,0.0565386600792408,0.0
789,39.52343238994945,4.035862922668457,0.05653996393084526,0.0
790,39.57343239989132,4.046706676483154,0.05653991550207138,0.0
791,39.623432389926165,4.07514762878418,0.05653945729136467,0.0
792,39.67343244992662,4.0601725578308105,0.05653975531458855,0.0
793,39.72343244997319,4.064850330352783,0.056540634483098984,0.0
794,39.77343237993773,4.049657344818115,0.05654054135084152,0.0
795,39.82343247998506,4.071824073791504,0.056540511548519135,0.0
796,39.87343258992769,4.045352935791016,0.05654100328683853,0.0
797,39.92343244992662,3.878899335861206,0.05654141306877136,0.0
798,39.97343243996147,3.8281915187835693,0.05653926357626915,0.0
799,40.023432469926775,3.8210878372192383,0.05653981491923332,0.0
800,40.07343253993895,3.839630365371704,0.056540001183748245,0.0
801,40.12343251996208,3.8479926586151123,0.056539539247751236,0.0
802,40.17343250999693,3.8588950634002686,0.05653990060091019,0.0
803,40.22343244997319,3.873924970626831,0.05654044449329376,0.0
804,40.27343244990334,3.879574775695801,0.05653961002826691,0.0
805,40.32343257998582,3.8921492099761963,0.05653940141201019,0.0
806,40.3734325299738,3.9084479808807373,0.05653970688581467,0.0
807,40.42343251989223,3.9082765579223633,0.056540586054325104,0.0
808,40.47343244997319,3.916353702545166,0.05654054135084152,0.0
809,40.52343244990334,3.917180299758911,0.056539762765169144,0.0
810,40.57343257998582,3.9114701747894287,0.05654072016477585,0.0
811,40.62343250995036,3.9275293350219727,0.05654052272439003,0.0
812,40.67343250999693,3.9542272090911865,0.056539587676525116,0.0
813,40.7234325199388,3.9308671951293945,0.05654073506593704,0.0
814,40.77343238994945,3.4772818088531494,0.056542836129665375,0.0
815,40.823432449949905,3.1773481369018555,0.05654159188270569,0.0
816,40.87343239993788,3.118060827255249,0.05654225870966911,0.0
817,40.923432439914905,3.118041515350342,0.05654172971844673,0.0
818,40.97343253996223,3.1215341091156006,0.056540798395872116,0.0
819,41.023432509973645,3.1260476112365723,0.05654185637831688,0.0
820,41.073432509903796,3.1315581798553467,0.056540947407484055,0.0
821,41.12343250995036,3.1369082927703857,0.05654158070683479,0.0
822,41.173432439914905,3.1424996852874756,0.05654001981019974,0.0
823,41.22343244997319,3.1476805210113525,0.05653923749923706,0.0
824,41.27343238994945,3.151430368423462,0.05653834715485573,0.0
825,41.323432389996015,3.1556174755096436,0.05653849244117737,0.0
826,41.373432439984754,3.1542751789093018,0.05653876066207886,0.0
827,41.423432379961014,3.1536667346954346,0.056538745760917664,0.0
828,41.47343254997395,3.156705141067505,0.0565388947725296,0.0
829,41.52343244990334,3.160104513168335,0.05653878301382065,0.0
830,41.573432449949905,3.163820266723633,0.05653839185833931,0.0
831,41.62343250995036,3.167384386062622,0.0565389059484005,0.0
832,41.673432539915666,3.170779228210449,0.056539274752140045,0.0
833,41.72343244997319,3.1743040084838867,0.05653802305459976,0.0
834,41.77343238994945,3.1795828342437744,0.05653909593820572,0.0
835,41.823432449949905,3.1855783462524414,0.05653993785381317,0.0
836,41.87343244999647,3.1930220127105713,0.056539732962846756,0.0
837,41.92343248997349,3.197601795196533,0.05653899163007736,0.0
838,41.9734325199388,3.198500633239746,0.056538693606853485,0.0
839,42.02343245991506,3.1991379261016846,0.05653916671872139,0.0
840,42.073432449949905,3.2027454376220703,0.056540053337812424,0.0
841,42.123432439984754,3.2073447704315186,0.05653992295265198,0.0
842,42.17343250999693,3.213975429534912,0.05653964728116989,0.0
843,42.22343243996147,3.2153897285461426,0.056539736688137054,0.0
844,42.27343238994945,3.2162089347839355,0.05653969570994377,0.0
845,42.32343245996162,3.2222893238067627,0.05654003098607063,0.0
846,42.3734325299738,3.232330322265625,0.05653854459524155,0.0
847,42.423432439914905,3.245246648788452,0.0565386563539505,0.0
848,42.47343238990288,3.2563624382019043,0.05653904378414154,0.0
849,42.523432579939254,3.268247365951538,0.05653857812285423,0.0
850,42.573432449949905,3.2821478843688965,0.05653906986117363,0.0
851,42.62343278992921,3.292536735534668,0.05653885006904602,0.0
852,42.67343250999693,3.2929821014404297,0.05653946474194527,0.0
853,42.72343244997319,3.2886476516723633,0.05654146149754524,0.0
854,42.77343255991582,3.2952182292938232,0.05654129013419151,0.0
855,42.823432409903035,3.306689739227295,0.05653970316052437,0.0
856,42.87343244999647,3.313530206680298,0.05654028803110123,0.0
857,42.92343244992662,3.3139336109161377,0.056539952754974365,0.0
858,42.97343244997319,3.330179214477539,0.05654033273458481,0.0
859,43.02343251998536,3.332000255584717,0.056541044265031815,0.0
860,43.07343295996543,3.340925693511963,0.05654047802090645,0.0
861,43.12343237991445,3.360201835632324,0.05653993785381317,0.0
862,43.17343251989223,3.3583548069000244,0.05654130131006241,0.0
863,43.2234325199388,3.3729825019836426,0.056540533900260925,0.0
864,43.27343244990334,3.3920185565948486,0.056540001183748245,0.0
865,43.323432509903796,3.385253667831421,0.05654030293226242,0.0
866,43.373432439984754,3.3863818645477295,0.05654006823897362,0.0
867,43.42343245993834,3.3879148960113525,0.056541070342063904,0.0
868,43.47343250992708,3.399038553237915,0.056539952754974365,0.0
869,43.523432719986886,3.402981758117676,0.05653982609510422,0.0
870,43.5734323799843,3.407681941986084,0.056539762765169144,0.0
871,43.62343246990349,3.4214134216308594,0.056539975106716156,0.0
872,43.67343238997273,3.4389562606811523,0.05654018744826317,0.0
873,43.72343253996223,3.452974319458008,0.05654023960232735,0.0
874,43.773432509973645,3.4715065956115723,0.05654013156890869,0.0
875,43.823432449949905,3.4916152954101562,0.05653964728116989,0.0
876,43.87343284999952,3.515324592590332,0.05653861165046692,0.0
877,43.92343245993834,3.5425894260406494,0.05653846636414528,0.0
878,43.97343238990288,3.555527448654175,0.05653879791498184,0.0
879,44.02343243989162,3.572391986846924,0.05653911828994751,0.0
880,44.073432449949905,3.567633867263794,0.056540343910455704,0.0
881,44.12343250995036,3.564974784851074,0.05653917416930199,0.0
882,44.17343244992662,3.563304901123047,0.05653967708349228,0.0
883,44.223432419938035,3.5800366401672363,0.056539345532655716,0.0
884,44.27343245991506,3.5768582820892334,0.05653921142220497,0.0
885,44.32343243993819,3.5923635959625244,0.05653848126530647,0.0
886,44.3734327199636,3.5991573333740234,0.05653948709368706,0.0
887,44.423432439914905,3.5962281227111816,0.05653872713446617,0.0
888,44.47343244997319,3.6100013256073,0.05653832107782364,0.0
889,44.52343238994945,3.617680072784424,0.05653965845704079,0.0
890,44.57343246997334,3.6354494094848633,0.05653947964310646,0.0
891,44.62343244999647,3.6587252616882324,0.05653978884220123,0.0
892,44.67343263991643,3.6837148666381836,0.05653911828994751,0.0
893,44.72343250992708,3.7121620178222656,0.05653861537575722,0.0
894,44.773432509973645,3.7320590019226074,0.05653908848762512,0.0
895,44.823432509903796,3.747445821762085,0.05653924122452736,0.0
896,44.87343237991445,3.775357246398926,0.05653931573033333,0.0
897,44.92343257996254,3.7801244258880615,0.05654001981019974,0.0
898,44.97343250992708,3.7855215072631836,0.05653920769691467,0.0
899,45.02343248995021,3.821611166000366,0.056539203971624374,0.0
900,45.073432389996015,3.868257761001587,0.05654003098607063,0.0
901,45.12343258992769,3.901336669921875,0.05653921142220497,0.0
902,45.17343244992662,3.92536997795105,0.056538764387369156,0.0
903,45.22343242994975,3.94032883644104,0.05653860419988632,0.0
904,45.27343251998536,3.9183943271636963,0.05654032528400421,0.0
905,45.32343264995143,3.9344394207000732,0.05653960257768631,0.0
906,45.37343250995036,3.936596632003784,0.05654040724039078,0.0
907,45.42343240999617,3.9330742359161377,0.05653975531458855,0.0
908,45.47343243996147,3.9260170459747314,0.056540682911872864,0.0
909,45.52343245991506,3.9449775218963623,0.05654004588723183,0.0
910,45.573432449949905,3.9880306720733643,0.05653919279575348,0.0
911,45.623432389926165,4.017420768737793,0.05653928220272064,0.0
912,45.67343244992662,4.044578552246094,0.0565391443669796,0.0
913,45.723432469996624,4.072999954223633,0.05653933435678482,0.0
914,45.77343258995097,4.119532108306885,0.0565393902361393,0.0
915,45.82343258999754,4.155656814575195,0.05654008686542511,0.0
916,45.87343251996208,4.083950042724609,0.056540053337812424,0.0
917,45.92343244992662,4.0794758796691895,0.056539297103881836,0.0
918,45.97343271994032,4.124617099761963,0.056539081037044525,0.0
919,46.02343238994945,4.153506755828857,0.05653999745845795,0.0
920,46.073432389996015,4.1594953536987305,0.05654006823897362,0.0
921,46.12343250995036,4.200324058532715,0.0565384179353714,0.0
922,46.17343250999693,4.219834327697754,0.05653867870569229,0.0
923,46.22343244997319,4.246916770935059,0.05653912574052811,0.0
924,46.27343243989162,4.229319095611572,0.05653874948620796,0.0
925,46.323432449949905,4.273209571838379,0.05653970316052437,0.0
926,46.37343248992693,4.277862071990967,0.0565403588116169,0.0
927,46.42343251989223,4.3146796226501465,0.05654055252671242,0.0
928,46.473432459984906,4.356863498687744,0.05654047057032585,0.0
929,46.52343238994945,4.394743919372559,0.05653931945562363,0.0
930,46.57343245996162,4.427873134613037,0.05653940141201019,0.0
931,46.62343257991597,4.501750469207764,0.05653877928853035,0.0
932,46.673432439914905,4.359433650970459,0.056541748344898224,0.0
933,46.7234325199388,3.987438440322876,0.05653909966349602,0.0
934,46.77343244990334,3.6539597511291504,0.05654226616024971,0.0
935,46.823432449949905,3.266840934753418,0.05654304474592209,0.0
936,46.873432459891774,3.12082576751709,0.056541964411735535,0.0
937,46.92343244992662,3.1101927757263184,0.056541554629802704,0.0
938,46.97343244997319,3.1139070987701416,0.05654025450348854,0.0
939,47.02343244990334,3.1209661960601807,0.05654028803110123,0.0
940,47.07343243993819,3.127020835876465,0.05653970688581467,0.0
941,47.12343251996208,3.134227752685547,0.056539326906204224,0.0
942,47.173432379961014,3.140223503112793,0.05653951317071915,0.0
943,47.22343244997319,3.145233154296875,0.05653978884220123,0.0
944,47.273432509973645,3.150157928466797,0.056539855897426605,0.0
945,47.323432449949905,3.152651309967041,0.05653980001807213,0.0
946,47.37343250995036,3.1546831130981445,0.05653956159949303,0.0
947,47.42343250999693,3.1560561656951904,0.056539349257946014,0.0
948,47.47343244997319,3.1599743366241455,0.05653978884220123,0.0
949,47.52343244990334,3.163069486618042,0.056539133191108704,0.0
950,47.573432519915514,3.167494535446167,0.05653916299343109,0.0
951,47.62343244999647,3.173039436340332,0.056538745760917664,0.0
952,47.67343238997273,3.1791110038757324,0.05653872340917587,0.0
953,47.72343243996147,3.1829655170440674,0.056538693606853485,0.0
954,47.773432509973645,3.1864094734191895,0.05653883516788483,0.0
955,47.82343246997334,3.1891982555389404,0.05653856694698334,0.0
956,47.87343250995036,3.1931614875793457,0.056539975106716156,0.0
957,47.923432379961014,3.198854446411133,0.05653996020555496,0.0
958,47.973432459984906,3.205515146255493,0.05653991550207138,0.0
959,48.02343243989162,3.209909439086914,0.056539520621299744,0.0
960,48.073432519915514,3.2118184566497803,0.056540247052907944,0.0
961,48.12343244999647,3.2157230377197266,0.056540608406066895,0.0
962,48.17343244992662,3.219818353652954,0.05654016137123108,0.0
963,48.22343250992708,3.225752353668213,0.05653944984078407,0.0
964,48.273432509973645,3.2347564697265625,0.0565398707985878,0.0
965,48.323432389996015,3.2406506538391113,0.056540586054325104,0.0
966,48.37343244999647,3.2379631996154785,0.0565408430993557,0.0
967,48.42343242990319,3.2418723106384277,0.05654020234942436,0.0
968,48.47343265998643,3.2509894371032715,0.05654017999768257,0.0
969,48.52343244990334,3.2610373497009277,0.05654032528400421,0.0
970,48.57343264995143,3.2655043601989746,0.05653989315032959,0.0
971,48.62343244999647,3.2709152698516846,0.05654127150774002,0.0
972,48.673432439914905,3.275559663772583,0.056540440768003464,0.0
973,48.72343278990593,3.2786717414855957,0.05653916299343109,0.0
974,48.773432409972884,3.2853894233703613,0.05653907731175423,0.0
975,48.82343246997334,3.2933413982391357,0.05653802305459976,0.0
976,48.87343239993788,3.307345390319824,0.05653850734233856,0.0
977,48.923432479961775,3.3220667839050293,0.05653868615627289,0.0
978,48.97343254997395,3.3258938789367676,0.05653843656182289,0.0
979,49.02343244990334,3.3254241943359375,0.05653980001807213,0.0
980,49.07343263993971,3.3359882831573486,0.056539978832006454,0.0
981,49.12343269994017,3.347111225128174,0.05653949826955795,0.0
982,49.17343241989147,3.3592123985290527,0.056539587676525116,0.0
983,49.22343244997319,3.370190382003784,0.05653931945562363,0.0
984,49.273432399961166,3.386540651321411,0.056538283824920654,0.0
985,49.32343243993819,3.398238182067871,0.05653893202543259,0.0
986,49.373432439984754,3.4119760990142822,0.056538909673690796,0.0
987,49.42343239998445,3.423322916030884,0.056539591401815414,0.0
988,49.473432469996624,3.433241367340088,0.05653931573033333,0.0
989,49.52343244990334,3.434951066970825,0.05653971806168556,0.0
990,49.573432509903796,3.444974184036255,0.05654017627239227,0.0
991,49.6234324099496,3.454277276992798,0.05654069781303406,0.0
992,49.673432379961014,3.4602324962615967,0.056540727615356445,0.0
993,49.723432529950514,3.4523093700408936,0.056540198624134064,0.0
994,49.77343242999632,3.451786994934082,0.05654008314013481,0.0
995,49.823432509903796,3.4652040004730225,0.0565398745238781,0.0
996,49.87343244999647,3.496021270751953,0.056540194898843765,0.0
997,49.92343250999693,3.508965253829956,0.05654013901948929,0.0
998,49.97343250992708,3.522078514099121,0.05653990060091019,0.0
999,50.02343243989162,3.528684377670288,0.05653989315032959,0.0
1000,50.07343243993819,3.522167921066284,0.05653924122452736,0.0
1001,50.123432599939406,3.529629707336426,0.05653908848762512,0.0
1002,50.173432439914905,3.5398900508880615,0.05654014274477959,0.0
1003,50.22343238990288,3.567074775695801,0.056540194898843765,0.0
1004,50.27343243989162,3.5858776569366455,0.05653935298323631,0.0
1005,50.323432509903796,3.597893476486206,0.056538887321949005,0.0
1006,50.37343254999723,3.6205532550811768,0.0565386563539505,0.0
1007,50.42343252990395,3.6305108070373535,0.05653863027691841,0.0
1008,50.47343238990288,3.643618583679199,0.05653940141201019,0.0
1009,50.52343244990334,3.6427700519561768,0.05653950199484825,0.0
1010,50.57343243993819,3.647956371307373,0.056539587676525116,0.0
1011,50.623432389926165,3.6390602588653564,0.05653930827975273,0.0
1012,50.673432589974254,3.6372711658477783,0.0565384179353714,0.0
1013,50.72343244997319,3.6583268642425537,0.05653925612568855,0.0
1014,50.77343238994945,3.6859018802642822,0.056539952754974365,0.0
1015,50.823432509903796,3.707470655441284,0.056539349257946014,0.0
1016,50.8734327199636,3.721038818359375,0.05653921142220497,0.0
1017,50.92343244992662,3.748582601547241,0.05653854086995125,0.0
1018,50.97343244997319,3.7581138610839844,0.05653950572013855,0.0
1019,51.02343244990334,3.768040895462036,0.05653902143239975,0.0
1020,51.073432449949905,3.8037800788879395,0.056539423763751984,0.0
1021,51.123432389926165,3.8309640884399414,0.05653950199484825,0.0
1022,51.17343241989147,3.854278802871704,0.05653859302401543,0.0
1023,51.223432469996624,3.8578906059265137,0.05653856322169304,0.0
1024,51.27343238994945,3.862504482269287,0.05653870478272438,0.0
1025,51.323432449949905,3.8789122104644775,0.05653928592801094,0.0
1026,51.37343250995036,3.84243106842041,0.05653946101665497,0.0
1027,51.42343244992662,3.8458433151245117,0.056539151817560196,0.0
1028,51.473432459984906,3.868108034133911,0.056539539247751236,0.0
1029,51.5234324199846,3.8957512378692627,0.05653839930891991,0.0
1030,51.573432449949905,3.9485185146331787,0.056538522243499756,0.0
1031,51.62343251996208,3.9870142936706543,0.056539446115493774,0.0
1032,51.67343238997273,3.985239028930664,0.05653978884220123,0.0
1033,51.723432529950514,4.004967212677002,0.05653968080878258,0.0
1034,51.77343244990334,4.01608419418335,0.056539926677942276,0.0
1035,51.823432509903796,4.026086330413818,0.0565403513610363,0.0
1036,51.87343258992769,4.061987400054932,0.05653925985097885,0.0
1037,51.92343245993834,4.0659894943237305,0.05654038116335869,0.0
1038,51.97343277989421,4.083578109741211,0.056539975106716156,0.0
1039,52.02343244990334,4.102760314941406,0.05653926730155945,0.0
1040,52.073432389996015,4.105039596557617,0.05653897300362587,0.0
1041,52.12343237991445,4.10855770111084,0.056538838893175125,0.0
1042,52.17343250999693,4.147169589996338,0.05654020980000496,0.0
1043,52.22343244997319,4.18795919418335,0.05653998255729675,0.0
1044,52.273432509973645,4.182064533233643,0.05654055252671242,0.0
1045,52.32343246997334,4.19921875,0.05653899908065796,0.0
1046,52.37343250995036,4.2533111572265625,0.05653896927833557,0.0
1047,52.42343262990471,4.278255462646484,0.05653887987136841,0.0
1048,52.47343244997319,4.27871036529541,0.05653940513730049,0.0
1049,52.52343244990334,4.312429428100586,0.056538473814725876,0.0
1050,52.57343257998582,4.3170270919799805,0.056539036333560944,0.0
1051,52.62343251996208,4.157016754150391,0.05654207617044449,0.0
1052,52.67343252990395,3.5473473072052,0.056542620062828064,0.0
1053,52.72343244997319,3.2517733573913574,0.05654288828372955,0.0
1054,52.77343244990334,3.121500253677368,0.056541960686445236,0.0
1055,52.823432519915514,3.1112983226776123,0.05654233321547508,0.0
1056,52.87343263998628,3.1133151054382324,0.056541744619607925,0.0
1057,52.92343252990395,3.1179912090301514,0.05654130503535271,0.0
1058,52.97343250992708,3.1226449012756348,0.05654085427522659,0.0
1059,53.02343243989162,3.1261167526245117,0.05653999373316765,0.0
1060,53.073432449949905,3.129838466644287,0.056540653109550476,0.0
1061,53.12343251996208,3.1320343017578125,0.056540798395872116,0.0
1062,53.17343244992662,3.1349101066589355,0.056541215628385544,0.0
1063,53.2234325199388,3.137878894805908,0.05654119327664375,0.0
1064,53.273432569927536,3.1411654949188232,0.05654076859354973,0.0
1065,53.323432449949905,3.1423962116241455,0.05654030665755272,0.0
1066,53.37343244999647,3.141974925994873,0.05654069781303406,0.0
1067,53.42343248997349,3.14128041267395,0.056540653109550476,0.0
1068,53.47343238990288,3.143073081970215,0.056540347635746,0.0
1069,53.52343251998536,3.1459343433380127,0.05654056742787361,0.0
1070,53.57343243993819,3.1499388217926025,0.056540489196777344,0.0
1071,53.62343241996132,3.1542210578918457,0.05654023960232735,0.0
1072,53.67343244992662,3.155820846557617,0.05653961002826691,0.0
1073,53.723432569997385,3.160322904586792,0.05654021352529526,0.0
1074,53.77343252999708,3.1646227836608887,0.05653996393084526,0.0
1075,53.823432509903796,3.168505907058716,0.056540168821811676,0.0
1076,53.873432429973036,3.1704323291778564,0.05653980001807213,0.0
1077,53.92343250999693,3.172183036804199,0.05653980001807213,0.0
1078,53.97343250992708,3.175260066986084,0.05654008314013481,0.0
1079,54.02343244990334,3.1819941997528076,0.056539613753557205,0.0
1080,54.07343245996162,3.1900649070739746,0.05653916671872139,0.0
1081,54.123432389926165,3.198633909225464,0.05653920769691467,0.0
1082,54.17343252990395,3.2018144130706787,0.056539956480264664,0.0
1083,54.22343244997319,3.2039148807525635,0.05654014274477959,0.0
1084,54.27343244990334,3.2050046920776367,0.05654020980000496,0.0
1085,54.323432409903035,3.2096035480499268,0.05653982609510422,0.0
1086,54.373432459891774,3.215979814529419,0.05653960257768631,0.0
1087,54.42343239998445,3.2210748195648193,0.056538745760917664,0.0
1088,54.47343238990288,3.2263572216033936,0.05653848871588707,0.0
1089,54.52343252999708,3.2268600463867188,0.05653839930891991,0.0
1090,54.573432389996015,3.2275519371032715,0.05653922259807587,0.0
1091,54.623432439984754,3.2288906574249268,0.0565391480922699,0.0
1092,54.673432379961014,3.2329752445220947,0.05653844401240349,0.0
1093,54.72343250992708,3.238588809967041,0.056538719683885574,0.0
1094,54.77343244990334,3.2417144775390625,0.05653999745845795,0.0
1095,54.823432489996776,3.248037099838257,0.05653994530439377,0.0
1096,54.87343244999647,3.255737066268921,0.056539423763751984,0.0
1097,54.923432439914905,3.2633559703826904,0.05653961002826691,0.0
1098,54.97343250992708,3.270921468734741,0.05654041841626167,0.0
1099,55.02343243989162,3.276348352432251,0.05654036998748779,0.0
1100,55.07343243993819,3.2833056449890137,0.05654018372297287,0.0
1101,55.123432439984754,3.289031505584717,0.056539054960012436,0.0
1102,55.1734325599391,3.295238494873047,0.05653945729136467,0.0
1103,55.22343244997319,3.291653633117676,0.05654005706310272,0.0
1104,55.27343244990334,3.2882964611053467,0.05653936415910721,0.0
1105,55.323432389996015,3.281653642654419,0.05653933063149452,0.0
1106,55.37343247991521,3.283001184463501,0.05653877928853035,0.0
1107,55.42343244992662,3.2903621196746826,0.056539054960012436,0.0
1108,55.473432639962994,3.3010847568511963,0.05653867870569229,0.0
1109,55.52343238994945,3.30957293510437,0.056538984179496765,0.0
1110,55.57343243993819,3.320343494415283,0.05654020980000496,0.0
1111,55.62343244999647,3.331820011138916,0.0565386526286602,0.0
1112,55.67343245993834,3.344155788421631,0.056539587676525116,0.0
1113,55.723432489903644,3.3594682216644287,0.056540437042713165,0.0
1114,55.77343244990334,3.3746795654296875,0.056540247052907944,0.0
1115,55.82343245996162,3.393883466720581,0.05653940141201019,0.0
1116,55.873432389926165,3.404960870742798,0.056540001183748245,0.0
1117,55.92343238997273,3.410642385482788,0.0565393902361393,0.0
1118,55.9734325199388,3.4228973388671875,0.05653909593820572,0.0
1119,56.02343245991506,3.430537700653076,0.056539781391620636,0.0
1120,56.07343253993895,3.4275588989257812,0.05653998255729675,0.0
1121,56.12343248992693,3.4159388542175293,0.05653999000787735,0.0
1122,56.17343263991643,3.4130196571350098,0.056539829820394516,0.0
1123,56.22343257989269,3.4224765300750732,0.056540343910455704,0.0
1124,56.27343243989162,3.4390976428985596,0.05653997138142586,0.0
1125,56.323432389996015,3.4524757862091064,0.05653975158929825,0.0
1126,56.373432389926165,3.4535443782806396,0.056540247052907944,0.0
1127,56.42343244992662,3.447134017944336,0.056539420038461685,0.0
1128,56.47343250992708,3.4546916484832764,0.056539393961429596,0.0
1129,56.52343244990334,3.4592392444610596,0.05653885006904602,0.0
1130,56.57343246997334,3.4790501594543457,0.056538719683885574,0.0
1131,56.62343237991445,3.5106098651885986,0.05653909966349602,0.0
1132,56.67343244992662,3.542405605316162,0.05653975158929825,0.0
1133,56.723432379891165,3.5250229835510254,0.056540388613939285,0.0
1134,56.773432509973645,3.517869234085083,0.056540489196777344,0.0
1135,56.823432449949905,3.519796133041382,0.05653999000787735,0.0
1136,56.873432559892535,3.5482912063598633,0.05653964355587959,0.0
1137,56.92343238997273,3.5784778594970703,0.0565396212041378,0.0
1138,56.97343244997319,3.5788774490356445,0.0565398707985878,0.0
1139,57.023432509973645,3.5841712951660156,0.05654033273458481,0.0
1140,57.07343243993819,3.5860400199890137,0.056540198624134064,0.0
1141,57.12343244999647,3.5734102725982666,0.056539904326200485,0.0
1142,57.1734325599391,3.586365222930908,0.05653901770710945,0.0
1143,57.22343238990288,3.586674451828003,0.05653991550207138,0.0
1144,57.27343238994945,3.597513437271118,0.056540679186582565,0.0
1145,57.32343245996162,3.6115005016326904,0.05654075741767883,0.0
1146,57.373432389926165,3.598329782485962,0.05654078722000122,0.0
1147,57.42343248997349,3.5966384410858154,0.05654149129986763,0.0
1148,57.47343238990288,3.599468946456909,0.05654104799032211,0.0
1149,57.52343245991506,3.6029157638549805,0.056541040539741516,0.0
1150,57.573432389996015,3.597025156021118,0.05654163658618927,0.0
1151,57.62343250995036,3.5940892696380615,0.05654027312994003,0.0
1152,57.67343246995006,3.6130082607269287,0.0565393902361393,0.0
1153,57.72343244997319,3.6254122257232666,0.05653969943523407,0.0
1154,57.77343251998536,3.6578762531280518,0.056538745760917664,0.0
1155,57.823432389996015,3.6818764209747314,0.05654054135084152,0.0
1156,57.873432459891774,3.701555013656616,0.05654170736670494,0.0
1157,57.92343257996254,3.7088472843170166,0.05654085800051689,0.0
1158,57.97343243996147,3.723557233810425,0.05654067173600197,0.0
1159,58.02343244990334,3.7350497245788574,0.05654025450348854,0.0
1160,58.073432449949905,3.742903709411621,0.05653977021574974,0.0
1161,58.123432539985515,3.7197165489196777,0.056541167199611664,0.0
1162,58.17343250999693,3.721412181854248,0.056539833545684814,0.0
1163,58.223432459984906,3.7391388416290283,0.05653969943523407,0.0
1164,58.27343252999708,3.7638652324676514,0.0565386563539505,0.0
1165,58.32343243993819,3.795527935028076,0.05653892457485199,0.0
1166,58.373432389926165,3.8225362300872803,0.0565391480922699,0.0
1167,58.42343244992662,3.8180360794067383,0.05653921887278557,0.0
1168,58.47343238990288,3.817924737930298,0.056539591401815414,0.0
1169,58.523432509973645,3.7925162315368652,0.056539829820394516,0.0
1170,58.5734323799843,3.7981624603271484,0.056540414690971375,0.0
1171,58.62343239993788,3.8106472492218018,0.056539200246334076,0.0
1172,58.67343250999693,3.8256731033325195,0.05653900280594826,0.0
1173,58.72343244997319,3.84087872505188,0.056539446115493774,0.0
1174,58.77343238994945,3.8579604625701904,0.05654009059071541,0.0
1175,58.823432449949905,3.882122755050659,0.05653947591781616,0.0
1176,58.87343244999647,3.8957176208496094,0.05653864145278931,0.0
1177,58.92343244992662,3.9130442142486572,0.056539326906204224,0.0
1178,58.973432469996624,3.9146125316619873,0.056539442390203476,0.0
1179,59.023432409972884,3.924379825592041,0.056540269404649734,0.0
1180,59.073432509903796,3.91428542137146,0.056540314108133316,0.0
1181,59.123432439984754,3.900485038757324,0.05653971806168556,0.0
1182,59.17343251989223,3.8727385997772217,0.056540828198194504,0.0
1183,59.223432469996624,3.885237455368042,0.05653949826955795,0.0
1184,59.27343244990334,3.8748748302459717,0.05654001235961914,0.0
1185,59.323432509903796,3.8663558959960938,0.05654139816761017,0.0
1186,59.37343237991445,3.8764233589172363,0.056540749967098236,0.0
1187,59.423432439914905,3.8802618980407715,0.056539736688137054,0.0
1188,59.47343244997319,3.8884918689727783,0.0565401054918766,0.0
1189,59.523432579939254,3.912522554397583,0.05654067546129227,0.0
1190,59.573432449949905,3.937818765640259,0.05653940513730049,0.0
1191,59.62343246990349,3.933563232421875,0.05653958022594452,0.0
1192,59.67343257996254,3.894803047180176,0.056540776044130325,0.0
1193,59.72343244997319,3.8881278038024902,0.056540727615356445,0.0
1194,59.77343243989162,3.891758441925049,0.05654048174619675,0.0
1195,59.82343243993819,3.9017879962921143,0.05654000863432884,0.0
1196,59.87343237991445,3.9138545989990234,0.056540586054325104,0.0
1197,59.92343252990395,3.9391183853149414,0.05653977021574974,0.0
1198,59.973432479891926,3.9545376300811768,0.056540075689554214,0.0
1199,59.99995245994069,3.958127021789551,0.05653931200504303,0.0
